1.0		0.0		0		-1.0		1.1547		0		-1.0		-1.1547		0		0.0
0.99997		0.00711		0		-1.00818		1.14756		0		-0.99177		-1.16178		0		0.007107107107107107
0.9999		0.01421		0		-1.01631		1.14037		0		-0.98349		-1.1688		0		0.014214214214214213
0.99977		0.02132		0		-1.02439		1.13312		0		-0.97515		-1.17576		0		0.02132132132132132
0.9996		0.02842		0		-1.03242		1.12581		0		-0.96677		-1.18266		0		0.028428428428428427
0.99937		0.03553		0		-1.04039		1.11844		0		-0.95834		-1.1895		0		0.03553553553553553
0.99909		0.04263		0		-1.04832		1.11102		0		-0.94987		-1.19628		0		0.04264264264264264
0.99876		0.04973		0		-1.05619		1.10354		0		-0.94134		-1.203		0		0.049749749749749744
0.99838		0.05683		0		-1.064		1.09601		0		-0.93277		-1.20966		0		0.056856856856856854
0.99796		0.06392		0		-1.07176		1.08842		0		-0.92415		-1.21626		0		0.06396396396396396
0.99748		0.07101		0		-1.07947		1.08077		0		-0.91548		-1.2228		0		0.07107107107107107
0.99695		0.0781		0		-1.08713		1.07308		0		-0.90677		-1.22927		0		0.07817817817817817
0.99637		0.08518		0		-1.09473		1.06532		0		-0.89801		-1.23569		0		0.08528528528528528
0.99573		0.09226		0		-1.10227		1.05751		0		-0.8892		-1.24204		0		0.09239239239239239
0.99505		0.09934		0		-1.10976		1.04965		0		-0.88035		-1.24832		0		0.09949949949949949
0.99432		0.1064		0		-1.11719		1.04174		0		-0.87146		-1.25455		0		0.1066066066066066
0.99354		0.11347		0		-1.12456		1.03377		0		-0.86252		-1.26071		0		0.11371371371371371
0.99271		0.12053		0		-1.13188		1.02576		0		-0.85354		-1.26681		0		0.12082082082082081
0.99183		0.12758		0		-1.13914		1.01769		0		-0.84451		-1.27284		0		0.12792792792792793
0.9909		0.13463		0		-1.14635		1.00956		0		-0.83545		-1.27881		0		0.13503503503503503
0.98991		0.14166		0		-1.15349		1.00139		0		-0.82634		-1.28472		0		0.14214214214214213
0.98888		0.1487		0		-1.16058		0.99317		0		-0.81718		-1.29056		0		0.14924924924924923
0.9878		0.15572		0		-1.16761		0.98489		0		-0.80799		-1.29633		0		0.15635635635635634
0.98667		0.16274		0		-1.17458		0.97657		0		-0.79876		-1.30204		0		0.16346346346346347
0.98549		0.16974		0		-1.18149		0.9682		0		-0.78948		-1.30769		0		0.17057057057057057
0.98426		0.17674		0		-1.18834		0.95978		0		-0.78017		-1.31327		0		0.17767767767767767
0.98298		0.18373		0		-1.19513		0.95131		0		-0.77082		-1.31878		0		0.18478478478478477
0.98165		0.19072		0		-1.20187		0.94279		0		-0.76142		-1.32422		0		0.19189189189189187
0.98026		0.19769		0		-1.20854		0.93422		0		-0.75199		-1.3296		0		0.19899899899899898
0.97884		0.20465		0		-1.21514		0.92561		0		-0.74253		-1.33491		0		0.2061061061061061
0.97736		0.2116		0		-1.22169		0.91695		0		-0.73302		-1.34015		0		0.2132132132132132
0.97583		0.21854		0		-1.22818		0.90825		0		-0.72348		-1.34533		0		0.2203203203203203
0.97425		0.22547		0		-1.2346		0.89949		0		-0.7139		-1.35044		0		0.22742742742742741
0.97262		0.23239		0		-1.24096		0.8907		0		-0.70428		-1.35548		0		0.23453453453453452
0.97095		0.2393		0		-1.24726		0.88186		0		-0.69463		-1.36045		0		0.24164164164164162
0.96922		0.24619		0		-1.2535		0.87297		0		-0.68494		-1.36535		0		0.24874874874874872
0.96745		0.25307		0		-1.25967		0.86404		0		-0.67522		-1.37019		0		0.25585585585585585
0.96562		0.25994		0		-1.26578		0.85506		0		-0.66547		-1.37495		0		0.26296296296296295
0.96375		0.2668		0		-1.27183		0.84605		0		-0.65568		-1.37964		0		0.27007007007007006
0.96183		0.27364		0		-1.27781		0.83699		0		-0.64586		-1.38427		0		0.27717717717717716
0.95986		0.28047		0		-1.28372		0.82788		0		-0.636		-1.38882		0		0.28428428428428426
0.95785		0.28729		0		-1.28957		0.81874		0		-0.62612		-1.39331		0		0.29139139139139136
0.95578		0.29409		0		-1.29536		0.80955		0		-0.6162		-1.39772		0		0.29849849849849847
0.95366		0.30087		0		-1.30108		0.80033		0		-0.60625		-1.40207		0		0.30560560560560557
0.9515		0.30764		0		-1.30674		0.79106		0		-0.59627		-1.40634		0		0.31271271271271267
0.94929		0.3144		0		-1.31232		0.78175		0		-0.58626		-1.41054		0		0.31981981981981983
0.94703		0.32113		0		-1.31785		0.77241		0		-0.57622		-1.41467		0		0.32692692692692693
0.94473		0.32786		0		-1.3233		0.76302		0		-0.56615		-1.41873		0		0.33403403403403403
0.94237		0.33456		0		-1.32869		0.7536		0		-0.55605		-1.42272		0		0.34114114114114114
0.93997		0.34125		0		-1.33402		0.74413		0		-0.54593		-1.42664		0		0.34824824824824824
0.93752		0.34792		0		-1.33927		0.73463		0		-0.53578		-1.43048		0		0.35535535535535534
0.93503		0.35458		0		-1.34446		0.7251		0		-0.5256		-1.43425		0		0.36246246246246244
0.93248		0.36121		0		-1.34958		0.71552		0		-0.51539		-1.43795		0		0.36956956956956954
0.92989		0.36783		0		-1.35463		0.70591		0		-0.50516		-1.44158		0		0.37667667667667665
0.92725		0.37443		0		-1.35961		0.69627		0		-0.4949		-1.44513		0		0.38378378378378375
0.92457		0.38101		0		-1.36453		0.68659		0		-0.48461		-1.44861		0		0.39089089089089085
0.92184		0.38757		0		-1.36937		0.67687		0		-0.47431		-1.45202		0		0.39799799799799795
0.91906		0.39412		0		-1.37415		0.66712		0		-0.46398		-1.45536		0		0.40510510510510506
0.91624		0.40064		0		-1.37885		0.65734		0		-0.45362		-1.45862		0		0.4122122122122122
0.91337		0.40714		0		-1.38349		0.64753		0		-0.44324		-1.4618		0		0.4193193193193193
0.91045		0.41362		0		-1.38806		0.63768		0		-0.43284		-1.46492		0		0.4264264264264264
0.90749		0.42008		0		-1.39255		0.6278		0		-0.42242		-1.46796		0		0.4335335335335335
0.90448		0.42652		0		-1.39698		0.61788		0		-0.41198		-1.47092		0		0.4406406406406406
0.90142		0.43294		0		-1.40134		0.60794		0		-0.40151		-1.47381		0		0.4477477477477477
0.89832		0.43933		0		-1.40562		0.59796		0		-0.39103		-1.47663		0		0.45485485485485483
0.89518		0.44571		0		-1.40984		0.58796		0		-0.38052		-1.47937		0		0.46196196196196193
0.89199		0.45206		0		-1.41398		0.57792		0		-0.37		-1.48204		0		0.46906906906906903
0.88875		0.45838		0		-1.41805		0.56786		0		-0.35946		-1.48463		0		0.47617617617617614
0.88547		0.46469		0		-1.42205		0.55777		0		-0.3489		-1.48715		0		0.48328328328328324
0.88215		0.47097		0		-1.42598		0.54765		0		-0.33832		-1.48959		0		0.49039039039039034
0.87878		0.47723		0		-1.42983		0.5375		0		-0.32772		-1.49196		0		0.49749749749749744
0.87537		0.48346		0		-1.43362		0.52732		0		-0.31711		-1.49425		0		0.5046046046046045
0.87191		0.48967		0		-1.43733		0.51712		0		-0.30648		-1.49646		0		0.5117117117117117
0.86841		0.49585		0		-1.44097		0.50689		0		-0.29584		-1.4986		0		0.5188188188188187
0.86486		0.50201		0		-1.44454		0.49664		0		-0.28518		-1.50067		0		0.5259259259259259
0.86127		0.50815		0		-1.44803		0.48636		0		-0.27451		-1.50266		0		0.533033033033033
0.85764		0.51426		0		-1.45145		0.47606		0		-0.26382		-1.50457		0		0.5401401401401401
0.85396		0.52034		0		-1.4548		0.46573		0		-0.25313		-1.50641		0		0.5472472472472473
0.85024		0.52639		0		-1.45807		0.45538		0		-0.24241		-1.50817		0		0.5543543543543543
0.84648		0.53242		0		-1.46127		0.445		0		-0.23169		-1.50985		0		0.5614614614614615
0.84267		0.53843		0		-1.46439		0.43461		0		-0.22095		-1.51146		0		0.5685685685685685
0.83882		0.5444		0		-1.46745		0.42419		0		-0.2102		-1.51299		0		0.5756756756756757
0.83493		0.55035		0		-1.47042		0.41375		0		-0.19945		-1.51445		0		0.5827827827827827
0.831		0.55627		0		-1.47333		0.40329		0		-0.18868		-1.51583		0		0.5898898898898899
0.82703		0.56216		0		-1.47616		0.39281		0		-0.1779		-1.51713		0		0.5969969969969969
0.82301		0.56802		0		-1.47891		0.38231		0		-0.16711		-1.51836		0		0.6041041041041041
0.81895		0.57386		0		-1.48159		0.37179		0		-0.15632		-1.51951		0		0.6112112112112111
0.81485		0.57967		0		-1.48419		0.36125		0		-0.14551		-1.52058		0		0.6183183183183183
0.81071		0.58544		0		-1.48672		0.35069		0		-0.1347		-1.52157		0		0.6254254254254253
0.80653		0.59119		0		-1.48918		0.34011		0		-0.12389		-1.52249		0		0.6325325325325325
0.80231		0.59691		0		-1.49156		0.32952		0		-0.11306		-1.52334		0		0.6396396396396397
0.79805		0.60259		0		-1.49386		0.31891		0		-0.10223		-1.5241		0		0.6467467467467467
0.79375		0.60825		0		-1.49609		0.30829		0		-0.0914		-1.52479		0		0.6538538538538539
0.7894		0.61388		0		-1.49825		0.29765		0		-0.08056		-1.5254		0		0.6609609609609609
0.78502		0.61947		0		-1.50032		0.28699		0		-0.06972		-1.52593		0		0.6680680680680681
0.7806		0.62503		0		-1.50232		0.27632		0		-0.05887		-1.52639		0		0.6751751751751751
0.77614		0.63057		0		-1.50425		0.26564		0		-0.04802		-1.52677		0		0.6822822822822823
0.77163		0.63607		0		-1.5061		0.25494		0		-0.03717		-1.52707		0		0.6893893893893893
0.76709		0.64153		0		-1.50787		0.24423		0		-0.02631		-1.5273		0		0.6964964964964965
0.76252		0.64697		0		-1.50957		0.23351		0		-0.01546		-1.52745		0		0.7036036036036035
0.7579		0.65237		0		-1.51119		0.22277		0		-0.0046		-1.52752		0		0.7107107107107107
0.75324		0.65774		0		-1.51274		0.21203		0		0.00625		-1.52751		0		0.7178178178178177
0.74855		0.66308		0		-1.51421		0.20127		0		0.01711		-1.52743		0		0.7249249249249249
0.74382		0.66838		0		-1.5156		0.1905		0		0.02796		-1.52727		0		0.732032032032032
0.73905		0.67365		0		-1.51692		0.17973		0		0.03882		-1.52703		0		0.7391391391391391
0.73424		0.67889		0		-1.51815		0.16894		0		0.04967		-1.52672		0		0.7462462462462462
0.7294		0.68409		0		-1.51932		0.15815		0		0.06052		-1.52633		0		0.7533533533533533
0.72452		0.68926		0		-1.5204		0.14735		0		0.07136		-1.52586		0		0.7604604604604605
0.7196		0.69439		0		-1.52141		0.13654		0		0.08221		-1.52531		0		0.7675675675675675
0.71465		0.69948		0		-1.52234		0.12572		0		0.09305		-1.52469		0		0.7746746746746747
0.70966		0.70454		0		-1.5232		0.1149		0		0.10388		-1.52399		0		0.7817817817817817
0.70463		0.70957		0		-1.52398		0.10407		0		0.11471		-1.52321		0		0.7888888888888889
0.69957		0.71456		0		-1.52468		0.09324		0		0.12553		-1.52236		0		0.7959959959959959
0.69448		0.71951		0		-1.5253		0.0824		0		0.13635		-1.52143		0		0.8031031031031031
0.68935		0.72443		0		-1.52585		0.07156		0		0.14716		-1.52042		0		0.8102102102102101
0.68418		0.72931		0		-1.52632		0.06071		0		0.15796		-1.51934		0		0.8173173173173173
0.67898		0.73416		0		-1.52671		0.04986		0		0.16875		-1.51818		0		0.8244244244244244
0.67374		0.73896		0		-1.52703		0.03901		0		0.17954		-1.51694		0		0.8315315315315315
0.66848		0.74373		0		-1.52727		0.02816		0		0.19031		-1.51562		0		0.8386386386386386
0.66317		0.74847		0		-1.52743		0.0173		0		0.20108		-1.51423		0		0.8457457457457457
0.65784		0.75316		0		-1.52751		0.00644		0		0.21184		-1.51277		0		0.8528528528528528
0.65247		0.75782		0		-1.52752		-0.00441		0		0.22258		-1.51122		0		0.8599599599599599
0.64707		0.76243		0		-1.52745		-0.01527		0		0.23332		-1.5096		0		0.867067067067067
0.64163		0.76701		0		-1.5273		-0.02612		0		0.24404		-1.5079		0		0.8741741741741741
0.63616		0.77155		0		-1.52708		-0.03698		0		0.25475		-1.50613		0		0.8812812812812812
0.63066		0.77606		0		-1.52678		-0.04783		0		0.26545		-1.50428		0		0.8883883883883883
0.62513		0.78052		0		-1.5264		-0.05868		0		0.27613		-1.50236		0		0.8954954954954955
0.61957		0.78494		0		-1.52594		-0.06953		0		0.2868		-1.50036		0		0.9026026026026025
0.61397		0.78933		0		-1.52541		-0.08037		0		0.29746		-1.49828		0		0.9097097097097097
0.60835		0.79367		0		-1.5248		-0.09121		0		0.3081		-1.49613		0		0.9168168168168168
0.60269		0.79797		0		-1.52411		-0.10204		0		0.31873		-1.4939		0		0.9239239239239239
0.59701		0.80224		0		-1.52335		-0.11287		0		0.32934		-1.4916		0		0.931031031031031
0.59129		0.80646		0		-1.52251		-0.1237		0		0.33993		-1.48922		0		0.9381381381381381
0.58554		0.81064		0		-1.52159		-0.13451		0		0.3505		-1.48677		0		0.9452452452452452
0.57977		0.81478		0		-1.5206		-0.14532		0		0.36106		-1.48424		0		0.9523523523523523
0.57396		0.81888		0		-1.51953		-0.15613		0		0.3716		-1.48164		0		0.9594594594594594
0.56813		0.82294		0		-1.51838		-0.16692		0		0.38212		-1.47896		0		0.9665665665665665
0.56227		0.82696		0		-1.51715		-0.17771		0		0.39262		-1.4762		0		0.9736736736736736
0.55637		0.83093		0		-1.51585		-0.18849		0		0.4031		-1.47338		0		0.9807807807807807
0.55045		0.83487		0		-1.51447		-0.19926		0		0.41356		-1.47048		0		0.9878878878878878
0.54451		0.83876		0		-1.51302		-0.21001		0		0.42401		-1.4675		0		0.9949949949949949
0.53853		0.8426		0		-1.51149		-0.22076		0		0.43442		-1.46445		0		1.0021021021021022
0.53253		0.84641		0		-1.50988		-0.2315		0		0.44482		-1.46132		0		1.009209209209209
0.5265		0.85017		0		-1.5082		-0.24222		0		0.4552		-1.45813		0		1.0163163163163162
0.52045		0.85389		0		-1.50644		-0.25294		0		0.46555		-1.45485		0		1.0234234234234234
0.51436		0.85757		0		-1.5046		-0.26364		0		0.47587		-1.45151		0		1.0305305305305306
0.50826		0.86121		0		-1.50269		-0.27432		0		0.48618		-1.44809		0		1.0376376376376375
0.50212		0.8648		0		-1.5007		-0.285		0		0.49646		-1.4446		0		1.0447447447447447
0.49596		0.86834		0		-1.49864		-0.29565		0		0.50671		-1.44103		0		1.0518518518518518
0.48978		0.87185		0		-1.4965		-0.3063		0		0.51694		-1.4374		0		1.058958958958959
0.48357		0.8753		0		-1.49429		-0.31692		0		0.52714		-1.43369		0		1.066066066066066
0.47734		0.87872		0		-1.492		-0.32754		0		0.53732		-1.4299		0		1.073173173173173
0.47108		0.88209		0		-1.48963		-0.33813		0		0.54747		-1.42605		0		1.0802802802802802
0.4648		0.88542		0		-1.48719		-0.34871		0		0.55759		-1.42212		0		1.0873873873873874
0.4585		0.8887		0		-1.48467		-0.35927		0		0.56768		-1.41812		0		1.0944944944944945
0.45217		0.89193		0		-1.48208		-0.36981		0		0.57775		-1.41405		0		1.1016016016016015
0.44582		0.89512		0		-1.47942		-0.38034		0		0.58778		-1.40991		0		1.1087087087087086
0.43944		0.89827		0		-1.47668		-0.39084		0		0.59779		-1.4057		0		1.1158158158158158
0.43305		0.90137		0		-1.47386		-0.40133		0		0.60776		-1.40141		0		1.122922922922923
0.42663		0.90443		0		-1.47097		-0.41179		0		0.61771		-1.39706		0		1.1300300300300299
0.42019		0.90743		0		-1.46801		-0.42224		0		0.62762		-1.39263		0		1.137137137137137
0.41373		0.9104		0		-1.46497		-0.43266		0		0.6375		-1.38814		0		1.1442442442442442
0.40725		0.91332		0		-1.46186		-0.44306		0		0.64735		-1.38357		0		1.1513513513513514
0.40075		0.91619		0		-1.45867		-0.45344		0		0.65717		-1.37894		0		1.1584584584584583
0.39423		0.91901		0		-1.45541		-0.46379		0		0.66695		-1.37423		0		1.1655655655655655
0.38769		0.92179		0		-1.45208		-0.47412		0		0.6767		-1.36946		0		1.1726726726726726
0.38113		0.92452		0		-1.44867		-0.48443		0		0.68642		-1.36461		0		1.1797797797797798
0.37455		0.92721		0		-1.4452		-0.49472		0		0.6961		-1.3597		0		1.186886886886887
0.36795		0.92985		0		-1.44164		-0.50498		0		0.70574		-1.35472		0		1.1939939939939939
0.36133		0.93244		0		-1.43802		-0.51521		0		0.71535		-1.34967		0		1.201101101101101
0.3547		0.93498		0		-1.43432		-0.52542		0		0.72493		-1.34455		0		1.2082082082082082
0.34804		0.93748		0		-1.43055		-0.5356		0		0.73447		-1.33936		0		1.2153153153153153
0.34137		0.93993		0		-1.42671		-0.54575		0		0.74397		-1.33411		0		1.2224224224224223
0.33468		0.94233		0		-1.42279		-0.55587		0		0.75343		-1.32879		0		1.2295295295295294
0.32798		0.94469		0		-1.41881		-0.56597		0		0.76285		-1.3234		0		1.2366366366366366
0.32125		0.94699		0		-1.41475		-0.57604		0		0.77224		-1.31794		0		1.2437437437437437
0.31451		0.94925		0		-1.41062		-0.58608		0		0.78159		-1.31242		0		1.2508508508508507
0.30776		0.95146		0		-1.40642		-0.59609		0		0.7909		-1.30684		0		1.2579579579579578
0.30099		0.95363		0		-1.40214		-0.60607		0		0.80016		-1.30118		0		1.265065065065065
0.29421		0.95574		0		-1.3978		-0.61602		0		0.80939		-1.29546		0		1.2721721721721722
0.28741		0.95781		0		-1.39339		-0.62594		0		0.81858		-1.28968		0		1.2792792792792793
0.28059		0.95983		0		-1.3889		-0.63583		0		0.82772		-1.28383		0		1.2863863863863862
0.27376		0.9618		0		-1.38435		-0.64568		0		0.83683		-1.27791		0		1.2934934934934934
0.26692		0.96372		0		-1.37973		-0.65551		0		0.84589		-1.27193		0		1.3006006006006006
0.26006		0.96559		0		-1.37503		-0.6653		0		0.8549		-1.26589		0		1.3077077077077077
0.2532		0.96742		0		-1.37027		-0.67505		0		0.86388		-1.25978		0		1.3148148148148147
0.24631		0.96919		0		-1.36544		-0.68477		0		0.87281		-1.25361		0		1.3219219219219218
0.23942		0.97092		0		-1.36054		-0.69446		0		0.8817		-1.24737		0		1.329029029029029
0.23251		0.97259		0		-1.35557		-0.70411		0		0.89054		-1.24108		0		1.3361361361361361
0.22559		0.97422		0		-1.35053		-0.71373		0		0.89934		-1.23472		0		1.343243243243243
0.21866		0.9758		0		-1.34542		-0.72331		0		0.90809		-1.22829		0		1.3503503503503502
0.21172		0.97733		0		-1.34025		-0.73285		0		0.9168		-1.22181		0		1.3574574574574574
0.20477		0.97881		0		-1.335		-0.74236		0		0.92546		-1.21526		0		1.3645645645645645
0.19781		0.98024		0		-1.3297		-0.75183		0		0.93407		-1.20865		0		1.3716716716716717
0.19084		0.98162		0		-1.32432		-0.76126		0		0.94264		-1.20198		0		1.3787787787787786
0.18386		0.98295		0		-1.31887		-0.77065		0		0.95116		-1.19525		0		1.3858858858858858
0.17687		0.98423		0		-1.31336		-0.78001		0		0.95963		-1.18846		0		1.392992992992993
0.16987		0.98547		0		-1.30779		-0.78932		0		0.96805		-1.18161		0		1.4001001001001
0.16286		0.98665		0		-1.30214		-0.79859		0		0.97642		-1.1747		0		1.407207207207207
0.15584		0.98778		0		-1.29644		-0.80783		0		0.98475		-1.16773		0		1.4143143143143142
0.14882		0.98886		0		-1.29066		-0.81702		0		0.99302		-1.16071		0		1.4214214214214214
0.14179		0.9899		0		-1.28482		-0.82617		0		1.00125		-1.15362		0		1.4285285285285285
0.13475		0.99088		0		-1.27892		-0.83528		0		1.00942		-1.14648		0		1.4356356356356355
0.1277		0.99181		0		-1.27295		-0.84435		0		1.01754		-1.13927		0		1.4427427427427426
0.12065		0.99269		0		-1.26692		-0.85338		0		1.02561		-1.13201		0		1.4498498498498498
0.11359		0.99353		0		-1.26082		-0.86236		0		1.03363		-1.12469		0		1.456956956956957
0.10653		0.99431		0		-1.25466		-0.8713		0		1.0416		-1.11732		0		1.464064064064064
0.09946		0.99504		0		-1.24844		-0.88019		0		1.04951		-1.10989		0		1.471171171171171
0.09239		0.99572		0		-1.24215		-0.88904		0		1.05738		-1.1024		0		1.4782782782782782
0.08531		0.99635		0		-1.2358		-0.89785		0		1.06518		-1.09486		0		1.4853853853853853
0.07822		0.99694		0		-1.22939		-0.90661		0		1.07294		-1.08726		0		1.4924924924924925
0.07114		0.99747		0		-1.22291		-0.91533		0		1.08064		-1.07961		0		1.4995995995995994
0.06405		0.99795		0		-1.21638		-0.92399		0		1.08828		-1.0719		0		1.5067067067067066
0.05695		0.99838		0		-1.20978		-0.93261		0		1.09587		-1.06414		0		1.5138138138138137
0.04985		0.99876		0		-1.20312		-0.94119		0		1.10341		-1.05632		0		1.520920920920921
0.04276		0.99909		0		-1.1964		-0.94972		0		1.11089		-1.04846		0		1.5280280280280278
0.03565		0.99936		0		-1.18962		-0.95819		0		1.11831		-1.04053		0		1.535135135135135
0.02855		0.99959		0		-1.18278		-0.96663		0		1.12568		-1.03256		0		1.5422422422422422
0.02145		0.99977		0		-1.17588		-0.97501		0		1.13299		-1.02453		0		1.5493493493493493
0.01434		0.9999		0		-1.16892		-0.98334		0		1.14024		-1.01645		0		1.5564564564564565
0.00723		0.99997		0		-1.1619		-0.99162		0		1.14744		-1.00833		0		1.5635635635635634
0.00013		1.0		0		-1.15483		-0.99985		0		1.15457		-1.00015		0		1.5706706706706706
-0.00698		0.99998		0		-1.14769		-1.00804		0		1.16165		-0.99191		0		1.5777777777777777
-0.01409		0.9999		0		-1.1405		-1.01617		0		1.16867		-0.98363		0		1.5848848848848849
-0.02119		0.99978		0		-1.13325		-1.02425		0		1.17564		-0.9753		0		1.5919919919919918
-0.0283		0.9996		0		-1.12594		-1.03228		0		1.18254		-0.96692		0		1.599099099099099
-0.0354		0.99937		0		-1.11857		-1.04025		0		1.18938		-0.95849		0		1.6062062062062061
-0.0425		0.9991		0		-1.11115		-1.04818		0		1.19616		-0.95002		0		1.6133133133133133
-0.0496		0.99877		0		-1.10368		-1.05605		0		1.20288		-0.94149		0		1.6204204204204202
-0.0567		0.99839		0		-1.09614		-1.06386		0		1.20954		-0.93292		0		1.6275275275275274
-0.06379		0.99796		0		-1.08855		-1.07163		0		1.21614		-0.9243		0		1.6346346346346345
-0.07089		0.99748		0		-1.08091		-1.07934		0		1.22268		-0.91563		0		1.6417417417417417
-0.07797		0.99696		0		-1.07321		-1.08699		0		1.22916		-0.90692		0		1.6488488488488489
-0.08506		0.99638		0		-1.06546		-1.09459		0		1.23557		-0.89816		0		1.6559559559559558
-0.09214		0.99575		0		-1.05765		-1.10214		0		1.24192		-0.88936		0		1.663063063063063
-0.09921		0.99507		0		-1.04979		-1.10962		0		1.24821		-0.88051		0		1.67017017017017
-0.10628		0.99434		0		-1.04188		-1.11706		0		1.25444		-0.87161		0		1.6772772772772773
-0.11334		0.99356		0		-1.03392		-1.12443		0		1.2606		-0.86268		0		1.6843843843843842
-0.1204		0.99273		0		-1.0259		-1.13175		0		1.2667		-0.8537		0		1.6914914914914914
-0.12745		0.99184		0		-1.01783		-1.13902		0		1.27274		-0.84467		0		1.6985985985985985
-0.1345		0.99091		0		-1.00971		-1.14622		0		1.27871		-0.83561		0		1.7057057057057057
-0.14154		0.98993		0		-1.00154		-1.15337		0		1.28462		-0.8265		0		1.7128128128128126
-0.14857		0.9889		0		-0.99331		-1.16046		0		1.29046		-0.81735		0		1.7199199199199198
-0.1556		0.98782		0		-0.98504		-1.16749		0		1.29623		-0.80815		0		1.727027027027027
-0.16261		0.98669		0		-0.97672		-1.17446		0		1.30194		-0.79892		0		1.734134134134134
-0.16962		0.98551		0		-0.96835		-1.18137		0		1.30759		-0.78965		0		1.7412412412412412
-0.17662		0.98428		0		-0.95993		-1.18822		0		1.31317		-0.78034		0		1.7483483483483482
-0.18361		0.983		0		-0.95146		-1.19502		0		1.31868		-0.77098		0		1.7554554554554553
-0.19059		0.98167		0		-0.94294		-1.20175		0		1.32413		-0.76159		0		1.7625625625625625
-0.19757		0.98029		0		-0.93438		-1.20842		0		1.32951		-0.75216		0		1.7696696696696697
-0.20453		0.97886		0		-0.92576		-1.21503		0		1.33482		-0.74269		0		1.7767767767767766
-0.21148		0.97738		0		-0.91711		-1.22158		0		1.34006		-0.73319		0		1.7838838838838837
-0.21842		0.97585		0		-0.9084		-1.22806		0		1.34524		-0.72365		0		1.790990990990991
-0.22535		0.97428		0		-0.89965		-1.23449		0		1.35035		-0.71407		0		1.798098098098098
-0.23227		0.97265		0		-0.89085		-1.24085		0		1.35539		-0.70445		0		1.805205205205205
-0.23917		0.97098		0		-0.88201		-1.24715		0		1.36036		-0.6948		0		1.8123123123123122
-0.24607		0.96925		0		-0.87313		-1.25339		0		1.36527		-0.68512		0		1.8194194194194193
-0.25295		0.96748		0		-0.8642		-1.25956		0		1.3701		-0.6754		0		1.8265265265265265
-0.25982		0.96566		0		-0.85522		-1.26567		0		1.37487		-0.66564		0		1.8336336336336336
-0.26668		0.96379		0		-0.84621		-1.27172		0		1.37956		-0.65585		0		1.8407407407407406
-0.27352		0.96187		0		-0.83715		-1.2777		0		1.38419		-0.64603		0		1.8478478478478477
-0.28035		0.9599		0		-0.82804		-1.28362		0		1.38874		-0.63618		0		1.8549549549549549
-0.28716		0.95788		0		-0.8189		-1.28947		0		1.39323		-0.62629		0		1.862062062062062
-0.29397		0.95582		0		-0.80972		-1.29526		0		1.39765		-0.61637		0		1.869169169169169
-0.30075		0.9537		0		-0.80049		-1.30098		0		1.40199		-0.60643		0		1.8762762762762761
-0.30752		0.95154		0		-0.79122		-1.30664		0		1.40627		-0.59645		0		1.8833833833833833
-0.31428		0.94933		0		-0.78192		-1.31223		0		1.41047		-0.58644		0		1.8904904904904904
-0.32102		0.94707		0		-0.77257		-1.31775		0		1.4146		-0.5764		0		1.8975975975975974
-0.32774		0.94477		0		-0.76319		-1.32321		0		1.41866		-0.56633		0		1.9047047047047045
-0.33444		0.94242		0		-0.75376		-1.3286		0		1.42265		-0.55623		0		1.9118118118118117
-0.34113		0.94001		0		-0.7443		-1.33392		0		1.42657		-0.54611		0		1.9189189189189189
-0.34781		0.93757		0		-0.7348		-1.33918		0		1.43041		-0.53596		0		1.926026026026026
-0.35446		0.93507		0		-0.72527		-1.34437		0		1.43419		-0.52578		0		1.933133133133133
-0.3611		0.93253		0		-0.71569		-1.34949		0		1.43789		-0.51557		0		1.94024024024024
-0.36772		0.92994		0		-0.70609		-1.35454		0		1.44152		-0.50534		0		1.9473473473473473
-0.37432		0.9273		0		-0.69644		-1.35952		0		1.44507		-0.49508		0		1.9544544544544544
-0.3809		0.92462		0		-0.68676		-1.36444		0		1.44855		-0.4848		0		1.9615615615615614
-0.38746		0.92189		0		-0.67705		-1.36929		0		1.45196		-0.47449		0		1.9686686686686685
-0.394		0.91911		0		-0.6673		-1.37406		0		1.4553		-0.46416		0		1.9757757757757757
-0.40052		0.91629		0		-0.65752		-1.37877		0		1.45856		-0.4538		0		1.9828828828828828
-0.40702		0.91342		0		-0.6477		-1.38341		0		1.46175		-0.44343		0		1.9899899899899898
-0.41351		0.9105		0		-0.63785		-1.38798		0		1.46486		-0.43303		0		1.997097097097097
-0.41997		0.90754		0		-0.62797		-1.39247		0		1.4679		-0.4226		0		2.0042042042042043
-0.42641		0.90453		0		-0.61806		-1.3969		0		1.47087		-0.41216		0		2.011311311311311
-0.43282		0.90148		0		-0.60812		-1.40126		0		1.47376		-0.4017		0		2.018418418418418
-0.43922		0.89838		0		-0.59814		-1.40555		0		1.47658		-0.39121		0		2.0255255255255253
-0.44559		0.89524		0		-0.58814		-1.40976		0		1.47932		-0.38071		0		2.0326326326326325
-0.45194		0.89205		0		-0.5781		-1.41391		0		1.48199		-0.37019		0		2.0397397397397397
-0.45827		0.88881		0		-0.56804		-1.41798		0		1.48458		-0.35964		0		2.046846846846847
-0.46458		0.88553		0		-0.55795		-1.42198		0		1.4871		-0.34908		0		2.053953953953954
-0.47086		0.88221		0		-0.54783		-1.42591		0		1.48955		-0.33851		0		2.061061061061061
-0.47712		0.87884		0		-0.53768		-1.42977		0		1.49191		-0.32791		0		2.068168168168168
-0.48335		0.87543		0		-0.5275		-1.43355		0		1.49421		-0.3173		0		2.075275275275275
-0.48956		0.87197		0		-0.5173		-1.43727		0		1.49642		-0.30667		0		2.082382382382382
-0.49575		0.86847		0		-0.50707		-1.44091		0		1.49857		-0.29603		0		2.0894894894894893
-0.50191		0.86492		0		-0.49682		-1.44447		0		1.50063		-0.28537		0		2.0965965965965965
-0.50804		0.86133		0		-0.48654		-1.44797		0		1.50262		-0.2747		0		2.1037037037037036
-0.51415		0.8577		0		-0.47624		-1.45139		0		1.50454		-0.26401		0		2.110810810810811
-0.52023		0.85403		0		-0.46591		-1.45474		0		1.50637		-0.25331		0		2.117917917917918
-0.52629		0.85031		0		-0.45556		-1.45801		0		1.50814		-0.2426		0		2.125025025025025
-0.53232		0.84654		0		-0.44519		-1.46121		0		1.50982		-0.23188		0		2.132132132132132
-0.53832		0.84274		0		-0.43479		-1.46434		0		1.51143		-0.22114		0		2.139239239239239
-0.5443		0.83889		0		-0.42437		-1.46739		0		1.51297		-0.21039		0		2.146346346346346
-0.55024		0.835		0		-0.41393		-1.47037		0		1.51442		-0.19964		0		2.1534534534534533
-0.55617		0.83107		0		-0.40347		-1.47328		0		1.5158		-0.18887		0		2.1605605605605605
-0.56206		0.8271		0		-0.39299		-1.47611		0		1.51711		-0.17809		0		2.1676676676676676
-0.56792		0.82308		0		-0.38249		-1.47886		0		1.51834		-0.1673		0		2.1747747747747748
-0.57376		0.81903		0		-0.37197		-1.48154		0		1.51949		-0.15651		0		2.181881881881882
-0.57956		0.81493		0		-0.36143		-1.48415		0		1.52056		-0.14571		0		2.188988988988989
-0.58534		0.81079		0		-0.35088		-1.48668		0		1.52156		-0.13489		0		2.196096096096096
-0.59109		0.80661		0		-0.3403		-1.48914		0		1.52248		-0.12408		0		2.203203203203203
-0.59681		0.80239		0		-0.32971		-1.49152		0		1.52332		-0.11325		0		2.21031031031031
-0.60249		0.79812		0		-0.3191		-1.49382		0		1.52409		-0.10243		0		2.2174174174174173
-0.60815		0.79382		0		-0.30848		-1.49605		0		1.52478		-0.09159		0		2.2245245245245244
-0.61378		0.78948		0		-0.29784		-1.49821		0		1.52539		-0.08075		0		2.2316316316316316
-0.61937		0.7851		0		-0.28718		-1.50029		0		1.52592		-0.06991		0		2.2387387387387387
-0.62494		0.78068		0		-0.27651		-1.50229		0		1.52638		-0.05906		0		2.245845845845846
-0.63047		0.77621		0		-0.26583		-1.50422		0		1.52676		-0.04821		0		2.2529529529529526
-0.63597		0.77171		0		-0.25513		-1.50607		0		1.52707		-0.03736		0		2.2600600600600598
-0.64144		0.76718		0		-0.24442		-1.50784		0		1.5273		-0.02651		0		2.267167167167167
-0.64687		0.7626		0		-0.2337		-1.50954		0		1.52745		-0.01565		0		2.274274274274274
-0.65228		0.75798		0		-0.22296		-1.51117		0		1.52752		-0.0048		0		2.2813813813813812
-0.65765		0.75333		0		-0.21222		-1.51271		0		1.52751		0.00606		0		2.2884884884884884
-0.66299		0.74863		0		-0.20146		-1.51418		0		1.52743		0.01692		0		2.2955955955955956
-0.66829		0.7439		0		-0.19069		-1.51558		0		1.52727		0.02777		0		2.3027027027027027
-0.67356		0.73913		0		-0.17992		-1.51689		0		1.52704		0.03863		0		2.30980980980981
-0.6788		0.73433		0		-0.16913		-1.51813		0		1.52672		0.04948		0		2.3169169169169166
-0.684		0.72948		0		-0.15834		-1.5193		0		1.52633		0.06033		0		2.3240240240240237
-0.68916		0.72461		0		-0.14754		-1.52038		0		1.52587		0.07117		0		2.331131131131131
-0.6943		0.71969		0		-0.13673		-1.52139		0		1.52532		0.08202		0		2.338238238238238
-0.69939		0.71474		0		-0.12591		-1.52233		0		1.5247		0.09285		0		2.3453453453453452
-0.70446		0.70975		0		-0.11509		-1.52318		0		1.524		0.10369		0		2.3524524524524524
-0.70948		0.70472		0		-0.10426		-1.52396		0		1.52323		0.11452		0		2.3595595595595595
-0.71447		0.69966		0		-0.09343		-1.52467		0		1.52237		0.12534		0		2.3666666666666667
-0.71943		0.69457		0		-0.08259		-1.52529		0		1.52145		0.13616		0		2.373773773773774
-0.72435		0.68944		0		-0.07175		-1.52584		0		1.52044		0.14696		0		2.3808808808808806
-0.72923		0.68427		0		-0.0609		-1.52631		0		1.51936		0.15777		0		2.3879879879879877
-0.73407		0.67907		0		-0.05005		-1.5267		0		1.5182		0.16856		0		2.395095095095095
-0.73888		0.67384		0		-0.0392		-1.52702		0		1.51696		0.17935		0		2.402202202202202
-0.74365		0.66857		0		-0.02835		-1.52726		0		1.51565		0.19012		0		2.409309309309309
-0.74838		0.66327		0		-0.01749		-1.52743		0		1.51426		0.20089		0		2.4164164164164164
-0.75308		0.65793		0		-0.00664		-1.52751		0		1.51279		0.21165		0		2.4235235235235235
-0.75773		0.65256		0		0.00422		-1.52752		0		1.51125		0.22239		0		2.4306306306306307
-0.76235		0.64716		0		0.01508		-1.52745		0		1.50963		0.23313		0		2.4377377377377374
-0.76693		0.64173		0		0.02593		-1.52731		0		1.50794		0.24385		0		2.4448448448448445
-0.77147		0.63626		0		0.03678		-1.52708		0		1.50616		0.25456		0		2.4519519519519517
-0.77598		0.63076		0		0.04764		-1.52678		0		1.50432		0.26526		0		2.459059059059059
-0.78044		0.62523		0		0.05849		-1.52641		0		1.50239		0.27594		0		2.466166166166166
-0.78486		0.61967		0		0.06933		-1.52595		0		1.50039		0.28662		0		2.473273273273273
-0.78925		0.61407		0		0.08018		-1.52542		0		1.49832		0.29727		0		2.4803803803803803
-0.79359		0.60845		0		0.09102		-1.52481		0		1.49617		0.30791		0		2.4874874874874875
-0.7979		0.60279		0		0.10185		-1.52413		0		1.49394		0.31854		0		2.4945945945945946
-0.80216		0.59711		0		0.11268		-1.52336		0		1.49164		0.32915		0		2.5017017017017014
-0.80638		0.59139		0		0.1235		-1.52252		0		1.48926		0.33974		0		2.5088088088088085
-0.81057		0.58565		0		0.13432		-1.52161		0		1.48681		0.35032		0		2.5159159159159157
-0.81471		0.57987		0		0.14513		-1.52062		0		1.48429		0.36087		0		2.523023023023023
-0.81881		0.57407		0		0.15594		-1.51955		0		1.48168		0.37141		0		2.53013013013013
-0.82287		0.56823		0		0.16673		-1.5184		0		1.47901		0.38193		0		2.537237237237237
-0.82689		0.56237		0		0.17752		-1.51718		0		1.47625		0.39244		0		2.5443443443443443
-0.83086		0.55648		0		0.1883		-1.51588		0		1.47343		0.40292		0		2.5514514514514515
-0.8348		0.55056		0		0.19906		-1.5145		0		1.47053		0.41338		0		2.5585585585585586
-0.83869		0.54461		0		0.20982		-1.51305		0		1.46755		0.42382		0		2.5656656656656653
-0.84254		0.53864		0		0.22057		-1.51152		0		1.4645		0.43424		0		2.5727727727727725
-0.84634		0.53264		0		0.23131		-1.50991		0		1.46138		0.44464		0		2.5798798798798797
-0.85011		0.52661		0		0.24203		-1.50823		0		1.45818		0.45501		0		2.586986986986987
-0.85383		0.52055		0		0.25275		-1.50647		0		1.45491		0.46536		0		2.594094094094094
-0.85751		0.51447		0		0.26345		-1.50464		0		1.45157		0.47569		0		2.601201201201201
-0.86114		0.50836		0		0.27413		-1.50273		0		1.44815		0.486		0		2.6083083083083083
-0.86473		0.50223		0		0.28481		-1.50074		0		1.44466		0.49628		0		2.6154154154154154
-0.86828		0.49607		0		0.29547		-1.49868		0		1.4411		0.50653		0		2.622522522522522
-0.87178		0.48989		0		0.30611		-1.49654		0		1.43746		0.51676		0		2.6296296296296293
-0.87524		0.48368		0		0.31674		-1.49433		0		1.43375		0.52696		0		2.6367367367367365
-0.87866		0.47745		0		0.32735		-1.49204		0		1.42997		0.53714		0		2.6438438438438436
-0.88203		0.47119		0		0.33795		-1.48967		0		1.42612		0.54729		0		2.650950950950951
-0.88536		0.46491		0		0.34852		-1.48723		0		1.42219		0.55741		0		2.658058058058058
-0.88864		0.45861		0		0.35908		-1.48472		0		1.41819		0.5675		0		2.665165165165165
-0.89188		0.45228		0		0.36963		-1.48213		0		1.41412		0.57757		0		2.6722722722722723
-0.89507		0.44593		0		0.38015		-1.47947		0		1.40998		0.5876		0		2.6793793793793794
-0.89821		0.43956		0		0.39066		-1.47673		0		1.40577		0.59761		0		2.686486486486486
-0.90132		0.43316		0		0.40114		-1.47391		0		1.40149		0.60759		0		2.6935935935935933
-0.90437		0.42675		0		0.41161		-1.47102		0		1.39714		0.61753		0		2.7007007007007005
-0.90738		0.42031		0		0.42205		-1.46806		0		1.39271		0.62745		0		2.7078078078078076
-0.91035		0.41385		0		0.43247		-1.46503		0		1.38822		0.63733		0		2.7149149149149148
-0.91326		0.40737		0		0.44288		-1.46191		0		1.38365		0.64718		0		2.722022022022022
-0.91614		0.40087		0		0.45325		-1.45873		0		1.37902		0.657		0		2.729129129129129
-0.91896		0.39435		0		0.46361		-1.45547		0		1.37431		0.66678		0		2.7362362362362362
-0.92174		0.38781		0		0.47394		-1.45214		0		1.36954		0.67653		0		2.7433433433433434
-0.92447		0.38124		0		0.48425		-1.44874		0		1.3647		0.68625		0		2.75045045045045
-0.92716		0.37466		0		0.49453		-1.44526		0		1.35979		0.69593		0		2.7575575575575573
-0.9298		0.36807		0		0.50479		-1.44171		0		1.35481		0.70557		0		2.7646646646646644
-0.93239		0.36145		0		0.51503		-1.43808		0		1.34976		0.71519		0		2.7717717717717716
-0.93494		0.35481		0		0.52523		-1.43439		0		1.34464		0.72476		0		2.7788788788788787
-0.93744		0.34816		0		0.53542		-1.43062		0		1.33945		0.7343		0		2.785985985985986
-0.93989		0.34149		0		0.54557		-1.42677		0		1.3342		0.7438		0		2.793093093093093
-0.94229		0.3348		0		0.5557		-1.42286		0		1.32888		0.75326		0		2.8002002002002
-0.94465		0.32809		0		0.56579		-1.41888		0		1.3235		0.76269		0		2.807307307307307
-0.94695		0.32137		0		0.57586		-1.41482		0		1.31804		0.77207		0		2.814414414414414
-0.94921		0.31463		0		0.5859		-1.41069		0		1.31252		0.78142		0		2.8215215215215212
-0.95143		0.30788		0		0.59592		-1.40649		0		1.30693		0.79073		0		2.8286286286286284
-0.95359		0.30111		0		0.6059		-1.40222		0		1.30128		0.8		0		2.8357357357357356
-0.95571		0.29433		0		0.61585		-1.39788		0		1.29556		0.80923		0		2.8428428428428427
-0.95777		0.28753		0		0.62577		-1.39347		0		1.28978		0.81841		0		2.84994994994995
-0.95979		0.28071		0		0.63565		-1.38898		0		1.28393		0.82756		0		2.857057057057057
-0.96176		0.27388		0		0.64551		-1.38443		0		1.27802		0.83666		0		2.864164164164164
-0.96369		0.26704		0		0.65533		-1.37981		0		1.27204		0.84573		0		2.871271271271271
-0.96556		0.26019		0		0.66512		-1.37512		0		1.26599		0.85475		0		2.878378378378378
-0.96738		0.25332		0		0.67488		-1.37035		0		1.25989		0.86372		0		2.8854854854854852
-0.96916		0.24643		0		0.6846		-1.36552		0		1.25372		0.87265		0		2.8925925925925924
-0.97089		0.23954		0		0.69429		-1.36062		0		1.24748		0.88154		0		2.8996996996996995
-0.97256		0.23263		0		0.70394		-1.35566		0		1.24119		0.89039		0		2.9068068068068067
-0.97419		0.22572		0		0.71356		-1.35062		0		1.23483		0.89918		0		2.913913913913914
-0.97577		0.21879		0		0.72314		-1.34551		0		1.22841		0.90794		0		2.921021021021021
-0.9773		0.21185		0		0.73268		-1.34034		0		1.22192		0.91665		0		2.928128128128128
-0.97878		0.2049		0		0.74219		-1.3351		0		1.21538		0.92531		0		2.935235235235235
-0.98022		0.19793		0		0.75166		-1.32979		0		1.20877		0.93392		0		2.942342342342342
-0.9816		0.19096		0		0.76109		-1.32441		0		1.2021		0.94249		0		2.949449449449449
-0.98293		0.18398		0		0.77049		-1.31897		0		1.19537		0.95101		0		2.9565565565565564
-0.98421		0.17699		0		0.77984		-1.31346		0		1.18858		0.95948		0		2.9636636636636635
-0.98545		0.16999		0		0.78916		-1.30789		0		1.18174		0.9679		0		2.9707707707707707
-0.98663		0.16298		0		0.79843		-1.30225		0		1.17483		0.97628		0		2.977877877877878
-0.98776		0.15597		0		0.80767		-1.29654		0		1.16786		0.9846		0		2.984984984984985
-0.98885		0.14894		0		0.81686		-1.29076		0		1.16083		0.99288		0		2.9920920920920917
-0.98988		0.14191		0		0.82601		-1.28493		0		1.15375		1.0011		0		2.999199199199199
-0.99086		0.13487		0		0.83512		-1.27902		0		1.1466		1.00928		0		3.006306306306306
-0.9918		0.12783		0		0.84419		-1.27306		0		1.1394		1.0174		0		3.013413413413413
-0.99268		0.12078		0		0.85322		-1.26702		0		1.13214		1.02547		0		3.0205205205205203
-0.99351		0.11372		0		0.8622		-1.26093		0		1.12482		1.03349		0		3.0276276276276275
-0.9943		0.10665		0		0.87114		-1.25477		0		1.11745		1.04146		0		3.0347347347347347
-0.99503		0.09959		0		0.88004		-1.24855		0		1.11002		1.04938		0		3.041841841841842
-0.99571		0.09251		0		0.88889		-1.24226		0		1.10253		1.05724		0		3.048948948948949
-0.99634		0.08543		0		0.8977		-1.23591		0		1.09499		1.06505		0		3.0560560560560557
-0.99693		0.07835		0		0.90646		-1.2295		0		1.0874		1.0728		0		3.063163163163163
-0.99746		0.07126		0		0.91517		-1.22303		0		1.07974		1.0805		0		3.07027027027027
-0.99794		0.06417		0		0.92384		-1.21649		0		1.07204		1.08815		0		3.077377377377377
-0.99837		0.05708		0		0.93246		-1.2099		0		1.06428		1.09574		0		3.0844844844844843
-0.99875		0.04998		0		0.94104		-1.20324		0		1.05646		1.10328		0		3.0915915915915915
-0.99908		0.04288		0		0.94957		-1.19652		0		1.04859		1.11076		0		3.0986986986986986
-0.99936		0.03578		0		0.95805		-1.18974		0		1.04067		1.11818		0		3.105805805805806
-0.99959		0.02868		0		0.96648		-1.1829		0		1.0327		1.12555		0		3.112912912912913
-0.99977		0.02157		0		0.97486		-1.176		0		1.02468		1.13286		0		3.1200200200200197
-0.9999		0.01447		0		0.98319		-1.16904		0		1.0166		1.14011		0		3.127127127127127
-0.99997		0.00736		0		0.99148		-1.16203		0		1.00847		1.14731		0		3.134234234234234
-1.0		0.00025		0		0.99971		-1.15495		0		1.00029		1.15445		0		3.141341341341341
-0.99998		-0.00686		0		1.00789		-1.14782		0		0.99206		1.16153		0		3.1484484484484483
-0.9999		-0.01396		0		1.01602		-1.14063		0		0.98378		1.16855		0		3.1555555555555554
-0.99978		-0.02107		0		1.02411		-1.13338		0		0.97545		1.17551		0		3.1626626626626626
-0.9996		-0.02817		0		1.03213		-1.12607		0		0.96707		1.18242		0		3.1697697697697698
-0.99938		-0.03528		0		1.04011		-1.1187		0		0.95864		1.18926		0		3.1768768768768765
-0.9991		-0.04238		0		1.04804		-1.11128		0		0.95017		1.19604		0		3.1839839839839836
-0.99878		-0.04948		0		1.05591		-1.10381		0		0.94164		1.20276		0		3.191091091091091
-0.9984		-0.05658		0		1.06373		-1.09628		0		0.93307		1.20943		0		3.198198198198198
-0.99797		-0.06367		0		1.07149		-1.08869		0		0.92445		1.21603		0		3.205305305305305
-0.99749		-0.07076		0		1.0792		-1.08105		0		0.91579		1.22257		0		3.2124124124124123
-0.99697		-0.07785		0		1.08686		-1.07335		0		0.90707		1.22904		0		3.2195195195195194
-0.99639		-0.08493		0		1.09446		-1.0656		0		0.89832		1.23546		0		3.2266266266266266
-0.99576		-0.09201		0		1.102		-1.05779		0		0.88951		1.24181		0		3.2337337337337337
-0.99508		-0.09909		0		1.10949		-1.04993		0		0.88067		1.2481		0		3.2408408408408405
-0.99435		-0.10615		0		1.11693		-1.04202		0		0.87177		1.25433		0		3.2479479479479476
-0.99357		-0.11322		0		1.1243		-1.03406		0		0.86284		1.26049		0		3.2550550550550548
-0.99274		-0.12028		0		1.13162		-1.02604		0		0.85386		1.2666		0		3.262162162162162
-0.99186		-0.12733		0		1.13889		-1.01797		0		0.84483		1.27263		0		3.269269269269269
-0.99093		-0.13438		0		1.14609		-1.00985		0		0.83577		1.2786		0		3.2763763763763762
-0.98995		-0.14142		0		1.15324		-1.00168		0		0.82666		1.28451		0		3.2834834834834834
-0.98892		-0.14845		0		1.16033		-0.99346		0		0.81751		1.29035		0		3.2905905905905906
-0.98784		-0.15547		0		1.16736		-0.98519		0		0.80832		1.29613		0		3.2976976976976977
-0.98671		-0.16249		0		1.17434		-0.97687		0		0.79908		1.30184		0		3.3048048048048044
-0.98553		-0.1695		0		1.18125		-0.9685		0		0.78981		1.30749		0		3.3119119119119116
-0.9843		-0.1765		0		1.1881		-0.96008		0		0.7805		1.31307		0		3.3190190190190187
-0.98302		-0.18349		0		1.1949		-0.95161		0		0.77115		1.31858		0		3.326126126126126
-0.98169		-0.19047		0		1.20163		-0.94309		0		0.76176		1.32403		0		3.333233233233233
-0.98031		-0.19744		0		1.2083		-0.93453		0		0.75233		1.32941		0		3.34034034034034
-0.97889		-0.2044		0		1.21491		-0.92592		0		0.74286		1.33472		0		3.3474474474474474
-0.97741		-0.21136		0		1.22146		-0.91726		0		0.73336		1.33997		0		3.3545545545545545
-0.97588		-0.2183		0		1.22795		-0.90855		0		0.72381		1.34515		0		3.3616616616616612
-0.97431		-0.22523		0		1.23438		-0.8998		0		0.71424		1.35026		0		3.3687687687687684
-0.97268		-0.23215		0		1.24074		-0.89101		0		0.70462		1.3553		0		3.3758758758758756
-0.97101		-0.23905		0		1.24704		-0.88217		0		0.69497		1.36027		0		3.3829829829829827
-0.96928		-0.24595		0		1.25328		-0.87328		0		0.68529		1.36518		0		3.39009009009009
-0.96751		-0.25283		0		1.25945		-0.86435		0		0.67557		1.37002		0		3.397197197197197
-0.96569		-0.2597		0		1.26557		-0.85538		0		0.66581		1.37478		0		3.404304304304304
-0.96382		-0.26656		0		1.27161		-0.84637		0		0.65603		1.37948		0		3.4114114114114114
-0.9619		-0.2734		0		1.2776		-0.83731		0		0.64621		1.38411		0		3.4185185185185185
-0.95993		-0.28023		0		1.28351		-0.82821		0		0.63635		1.38866		0		3.4256256256256252
-0.95792		-0.28704		0		1.28937		-0.81906		0		0.62647		1.39315		0		3.4327327327327324
-0.95585		-0.29385		0		1.29516		-0.80988		0		0.61655		1.39757		0		3.4398398398398395
-0.95374		-0.30063		0		1.30088		-0.80065		0		0.6066		1.40192		0		3.4469469469469467
-0.95158		-0.3074		0		1.30654		-0.79139		0		0.59662		1.40619		0		3.454054054054054
-0.94937		-0.31416		0		1.31213		-0.78208		0		0.58661		1.4104		0		3.461161161161161
-0.94711		-0.3209		0		1.31765		-0.77274		0		0.57658		1.41453		0		3.468268268268268
-0.94481		-0.32762		0		1.32311		-0.76335		0		0.56651		1.41859		0		3.4753753753753753
-0.94246		-0.33433		0		1.3285		-0.75393		0		0.55641		1.42258		0		3.4824824824824825
-0.94006		-0.34102		0		1.33383		-0.74447		0		0.54629		1.4265		0		3.489589589589589
-0.93761		-0.34769		0		1.33909		-0.73497		0		0.53613		1.43035		0		3.4966966966966964
-0.93512		-0.35434		0		1.34428		-0.72544		0		0.52596		1.43412		0		3.5038038038038035
-0.93257		-0.36098		0		1.3494		-0.71586		0		0.51575		1.43782		0		3.5109109109109107
-0.92998		-0.3676		0		1.35445		-0.70626		0		0.50552		1.44145		0		3.518018018018018
-0.92735		-0.3742		0		1.35944		-0.69661		0		0.49526		1.44501		0		3.525125125125125
-0.92467		-0.38078		0		1.36435		-0.68693		0		0.48498		1.44849		0		3.532232232232232
-0.92194		-0.38734		0		1.3692		-0.67722		0		0.47467		1.4519		0		3.5393393393393393
-0.91916		-0.39388		0		1.37398		-0.66747		0		0.46434		1.45524		0		3.546446446446446
-0.91634		-0.40041		0		1.37869		-0.65769		0		0.45399		1.4585		0		3.553553553553553
-0.91347		-0.40691		0		1.38333		-0.64787		0		0.44361		1.46169		0		3.5606606606606603
-0.91055		-0.41339		0		1.3879		-0.63803		0		0.43321		1.46481		0		3.5677677677677675
-0.90759		-0.41985		0		1.3924		-0.62815		0		0.42279		1.46785		0		3.5748748748748747
-0.90459		-0.42629		0		1.39682		-0.61823		0		0.41235		1.47082		0		3.581981981981982
-0.90153		-0.43271		0		1.40118		-0.60829		0		0.40188		1.47371		0		3.589089089089089
-0.89844		-0.43911		0		1.40547		-0.59832		0		0.3914		1.47653		0		3.596196196196196
-0.89529		-0.44548		0		1.40969		-0.58831		0		0.3809		1.47927		0		3.6033033033033033
-0.8921		-0.45183		0		1.41383		-0.57828		0		0.37037		1.48194		0		3.61041041041041
-0.88887		-0.45816		0		1.41791		-0.56822		0		0.35983		1.48454		0		3.617517517517517
-0.88559		-0.46447		0		1.42191		-0.55813		0		0.34927		1.48706		0		3.6246246246246243
-0.88227		-0.47075		0		1.42584		-0.54801		0		0.33869		1.4895		0		3.6317317317317315
-0.8789		-0.47701		0		1.4297		-0.53786		0		0.3281		1.49187		0		3.6388388388388386
-0.87549		-0.48324		0		1.43349		-0.52768		0		0.31749		1.49417		0		3.645945945945946
-0.87203		-0.48945		0		1.4372		-0.51748		0		0.30686		1.49639		0		3.653053053053053
-0.86853		-0.49564		0		1.44084		-0.50726		0		0.29622		1.49853		0		3.66016016016016
-0.86499		-0.5018		0		1.44441		-0.497		0		0.28556		1.5006		0		3.6672672672672673
-0.8614		-0.50793		0		1.44791		-0.48672		0		0.27489		1.50259		0		3.674374374374374
-0.85777		-0.51404		0		1.45133		-0.47642		0		0.2642		1.5045		0		3.681481481481481
-0.85409		-0.52012		0		1.45468		-0.4661		0		0.2535		1.50634		0		3.6885885885885883
-0.85037		-0.52618		0		1.45795		-0.45575		0		0.24279		1.50811		0		3.6956956956956954
-0.84661		-0.53221		0		1.46116		-0.44537		0		0.23207		1.50979		0		3.7028028028028026
-0.84281		-0.53821		0		1.46428		-0.43498		0		0.22133		1.51141		0		3.7099099099099098
-0.83896		-0.54419		0		1.46734		-0.42456		0		0.21058		1.51294		0		3.717017017017017
-0.83507		-0.55014		0		1.47032		-0.41412		0		0.19983		1.5144		0		3.724124124124124
-0.83114		-0.55606		0		1.47323		-0.40366		0		0.18906		1.51578		0		3.7312312312312312
-0.82717		-0.56195		0		1.47606		-0.39318		0		0.17828		1.51709		0		3.738338338338338
-0.82315		-0.56782		0		1.47881		-0.38268		0		0.16749		1.51831		0		3.745445445445445
-0.8191		-0.57365		0		1.4815		-0.37216		0		0.1567		1.51947		0		3.7525525525525523
-0.815		-0.57946		0		1.4841		-0.36162		0		0.1459		1.52054		0		3.7596596596596594
-0.81086		-0.58524		0		1.48664		-0.35106		0		0.13509		1.52154		0		3.7667667667667666
-0.80668		-0.59099		0		1.48909		-0.34049		0		0.12427		1.52246		0		3.7738738738738737
-0.80246		-0.5967		0		1.49148		-0.3299		0		0.11345		1.52331		0		3.780980980980981
-0.7982		-0.60239		0		1.49378		-0.31929		0		0.10262		1.52407		0		3.788088088088088
-0.7939		-0.60805		0		1.49601		-0.30866		0		0.09178		1.52477		0		3.7951951951951948
-0.78956		-0.61368		0		1.49817		-0.29802		0		0.08094		1.52538		0		3.802302302302302
-0.78518		-0.61927		0		1.50025		-0.28737		0		0.0701		1.52592		0		3.809409409409409
-0.78075		-0.62484		0		1.50226		-0.2767		0		0.05925		1.52638		0		3.8165165165165162
-0.77629		-0.63037		0		1.50418		-0.26602		0		0.0484		1.52676		0		3.8236236236236234
-0.77179		-0.63587		0		1.50604		-0.25532		0		0.03755		1.52706		0		3.8307307307307306
-0.76726		-0.64134		0		1.50781		-0.24461		0		0.0267		1.52729		0		3.8378378378378377
-0.76268		-0.64678		0		1.50951		-0.23389		0		0.01584		1.52744		0		3.844944944944945
-0.75806		-0.65218		0		1.51114		-0.22315		0		0.00499		1.52752		0		3.852052052052052
-0.75341		-0.65755		0		1.51269		-0.21241		0		-0.00587		1.52751		0		3.8591591591591587
-0.74872		-0.66289		0		1.51416		-0.20165		0		-0.01672		1.52743		0		3.866266266266266
-0.74399		-0.6682		0		1.51555		-0.19089		0		-0.02758		1.52728		0		3.873373373373373
-0.73922		-0.67347		0		1.51687		-0.18011		0		-0.03843		1.52704		0		3.88048048048048
-0.73441		-0.6787		0		1.51811		-0.16932		0		-0.04929		1.52673		0		3.8875875875875874
-0.72957		-0.68391		0		1.51928		-0.15853		0		-0.06013		1.52634		0		3.8946946946946945
-0.72469		-0.68907		0		1.52036		-0.14773		0		-0.07098		1.52588		0		3.9018018018018017
-0.71978		-0.69421		0		1.52138		-0.13692		0		-0.08182		1.52533		0		3.908908908908909
-0.71482		-0.6993		0		1.52231		-0.1261		0		-0.09266		1.52471		0		3.916016016016016
-0.70984		-0.70437		0		1.52317		-0.11528		0		-0.1035		1.52402		0		3.9231231231231227
-0.70481		-0.70939		0		1.52395		-0.10445		0		-0.11432		1.52324		0		3.93023023023023
-0.69975		-0.71438		0		1.52465		-0.09362		0		-0.12515		1.52239		0		3.937337337337337
-0.69466		-0.71934		0		1.52528		-0.08278		0		-0.13596		1.52146		0		3.944444444444444
-0.68953		-0.72426		0		1.52583		-0.07194		0		-0.14677		1.52046		0		3.9515515515515514
-0.68436		-0.72914		0		1.5263		-0.06109		0		-0.15758		1.51938		0		3.9586586586586585
-0.67916		-0.73399		0		1.5267		-0.05024		0		-0.16837		1.51822		0		3.9657657657657657
-0.67393		-0.73879		0		1.52702		-0.03939		0		-0.17916		1.51698		0		3.972872872872873
-0.66866		-0.74357		0		1.52726		-0.02854		0		-0.18993		1.51567		0		3.9799799799799795
-0.66336		-0.7483		0		1.52742		-0.01768		0		-0.2007		1.51428		0		3.9870870870870867
-0.65803		-0.75299		0		1.52751		-0.00683		0		-0.21146		1.51282		0		3.994194194194194
-0.65266		-0.75765		0		1.52752		0.00403		0		-0.2222		1.51128		0		4.001301301301301
-0.64726		-0.76227		0		1.52745		0.01488		0		-0.23294		1.50966		0		4.008408408408409
-0.64182		-0.76685		0		1.52731		0.02574		0		-0.24366		1.50797		0		4.015515515515515
-0.63636		-0.77139		0		1.52709		0.03659		0		-0.25437		1.5062		0		4.022622622622622
-0.63086		-0.7759		0		1.52679		0.04745		0		-0.26507		1.50435		0		4.02972972972973
-0.62533		-0.78036		0		1.52641		0.05829		0		-0.27576		1.50243		0		4.036836836836836
-0.61977		-0.78479		0		1.52596		0.06914		0		-0.28643		1.50043		0		4.043943943943944
-0.61417		-0.78917		0		1.52543		0.07999		0		-0.29708		1.49836		0		4.051051051051051
-0.60855		-0.79352		0		1.52482		0.09082		0		-0.30772		1.49621		0		4.058158158158158
-0.60289		-0.79782		0		1.52414		0.10166		0		-0.31835		1.49398		0		4.065265265265265
-0.59721		-0.80209		0		1.52338		0.11249		0		-0.32896		1.49168		0		4.072372372372372
-0.59149		-0.80631		0		1.52254		0.12331		0		-0.33955		1.48931		0		4.079479479479479
-0.58575		-0.81049		0		1.52162		0.13413		0		-0.35013		1.48686		0		4.086586586586586
-0.57997		-0.81464		0		1.52063		0.14494		0		-0.36069		1.48433		0		4.093693693693694
-0.57417		-0.81874		0		1.51956		0.15574		0		-0.37123		1.48173		0		4.1008008008008
-0.56834		-0.8228		0		1.51842		0.16654		0		-0.38175		1.47905		0		4.107907907907908
-0.56247		-0.82682		0		1.5172		0.17733		0		-0.39225		1.4763		0		4.115015015015015
-0.55658		-0.83079		0		1.5159		0.18811		0		-0.40273		1.47348		0		4.122122122122122
-0.55066		-0.83473		0		1.51452		0.19887		0		-0.4132		1.47058		0		4.129229229229229
-0.54472		-0.83862		0		1.51307		0.20963		0		-0.42364		1.46761		0		4.136336336336336
-0.53874		-0.84247		0		1.51154		0.22038		0		-0.43406		1.46456		0		4.143443443443443
-0.53274		-0.84628		0		1.50994		0.23112		0		-0.44445		1.46144		0		4.15055055055055
-0.52671		-0.85004		0		1.50826		0.24184		0		-0.45483		1.45824		0		4.157657657657658
-0.52066		-0.85376		0		1.5065		0.25256		0		-0.46518		1.45497		0		4.164764764764764
-0.51458		-0.85744		0		1.50467		0.26326		0		-0.47551		1.45163		0		4.171871871871872
-0.50847		-0.86108		0		1.50276		0.27394		0		-0.48581		1.44821		0		4.178978978978979
-0.50234		-0.86467		0		1.50078		0.28462		0		-0.4961		1.44472		0		4.186086086086086
-0.49618		-0.86822		0		1.49871		0.29528		0		-0.50635		1.44116		0		4.193193193193193
-0.49		-0.87172		0		1.49658		0.30592		0		-0.51658		1.43753		0		4.2003003003003
-0.48379		-0.87518		0		1.49437		0.31655		0		-0.52678		1.43382		0		4.207407407407407
-0.47756		-0.8786		0		1.49208		0.32716		0		-0.53696		1.43004		0		4.214514514514514
-0.4713		-0.88197		0		1.48972		0.33776		0		-0.54711		1.42619		0		4.221621621621622
-0.46502		-0.8853		0		1.48728		0.34834		0		-0.55723		1.42226		0		4.228728728728728
-0.45872		-0.88858		0		1.48476		0.3589		0		-0.56733		1.41826		0		4.235835835835836
-0.45239		-0.89182		0		1.48218		0.36944		0		-0.57739		1.4142		0		4.242942942942943
-0.44604		-0.89501		0		1.47951		0.37997		0		-0.58743		1.41006		0		4.25005005005005
-0.43967		-0.89816		0		1.47678		0.39047		0		-0.59743		1.40585		0		4.257157157157157
-0.43328		-0.90126		0		1.47396		0.40096		0		-0.60741		1.40157		0		4.264264264264264
-0.42686		-0.90432		0		1.47108		0.41142		0		-0.61736		1.39721		0		4.271371371371371
-0.42042		-0.90733		0		1.46811		0.42187		0		-0.62727		1.39279		0		4.278478478478478
-0.41396		-0.91029		0		1.46508		0.43229		0		-0.63715		1.3883		0		4.2855855855855856
-0.40748		-0.91321		0		1.46197		0.44269		0		-0.647		1.38373		0		4.292692692692692
-0.40098		-0.91609		0		1.45879		0.45307		0		-0.65682		1.3791		0		4.2997997997998
-0.39446		-0.91891		0		1.45553		0.46343		0		-0.66661		1.3744		0		4.306906906906907
-0.38792		-0.92169		0		1.4522		0.47376		0		-0.67636		1.36963		0		4.314014014014014
-0.38136		-0.92443		0		1.4488		0.48407		0		-0.68607		1.36478		0		4.321121121121121
-0.37478		-0.92711		0		1.44532		0.49435		0		-0.69576		1.35987		0		4.328228228228228
-0.36818		-0.92975		0		1.44177		0.50461		0		-0.7054		1.35489		0		4.335335335335335
-0.36157		-0.93235		0		1.43815		0.51485		0		-0.71502		1.34985		0		4.342442442442442
-0.35493		-0.93489		0		1.43445		0.52505		0		-0.72459		1.34473		0		4.3495495495495495
-0.34828		-0.93739		0		1.43068		0.53524		0		-0.73413		1.33955		0		4.356656656656656
-0.34161		-0.93984		0		1.42684		0.54539		0		-0.74363		1.3343		0		4.363763763763764
-0.33492		-0.94225		0		1.42293		0.55552		0		-0.7531		1.32898		0		4.370870870870871
-0.32821		-0.9446		0		1.41895		0.56562		0		-0.76252		1.32359		0		4.377977977977978
-0.32149		-0.94691		0		1.41489		0.57569		0		-0.77191		1.31814		0		4.385085085085085
-0.31475		-0.94917		0		1.41076		0.58573		0		-0.78126		1.31262		0		4.392192192192192
-0.308		-0.95139		0		1.40657		0.59574		0		-0.79057		1.30703		0		4.399299299299299
-0.30123		-0.95355		0		1.4023		0.60572		0		-0.79984		1.30138		0		4.406406406406406
-0.29445		-0.95567		0		1.39796		0.61567		0		-0.80906		1.29566		0		4.4135135135135135
-0.28765		-0.95774		0		1.39355		0.62559		0		-0.81825		1.28988		0		4.42062062062062
-0.28083		-0.95976		0		1.38906		0.63548		0		-0.8274		1.28403		0		4.427727727727728
-0.274		-0.96173		0		1.38451		0.64534		0		-0.8365		1.27812		0		4.4348348348348345
-0.26716		-0.96365		0		1.37989		0.65516		0		-0.84557		1.27214		0		4.441941941941941
-0.26031		-0.96553		0		1.3752		0.66495		0		-0.85459		1.2661		0		4.449049049049049
-0.25344		-0.96735		0		1.37044		0.67471		0		-0.86356		1.26		0		4.456156156156156
-0.24656		-0.96913		0		1.36561		0.68443		0		-0.8725		1.25383		0		4.463263263263263
-0.23966		-0.97086		0		1.36071		0.69412		0		-0.88139		1.2476		0		4.47037037037037
-0.23276		-0.97253		0		1.35574		0.70377		0		-0.89023		1.2413		0		4.4774774774774775
-0.22584		-0.97416		0		1.35071		0.71339		0		-0.89903		1.23494		0		4.484584584584584
-0.21891		-0.97575		0		1.3456		0.72297		0		-0.90778		1.22852		0		4.491691691691692
-0.21197		-0.97728		0		1.34043		0.73251		0		-0.91649		1.22204		0		4.4987987987987985
-0.20502		-0.97876		0		1.33519		0.74202		0		-0.92515		1.21549		0		4.505905905905905
-0.19806		-0.98019		0		1.32988		0.75149		0		-0.93377		1.20889		0		4.513013013013013
-0.19109		-0.98157		0		1.32451		0.76093		0		-0.94234		1.20222		0		4.5201201201201195
-0.18411		-0.98291		0		1.31907		0.77032		0		-0.95086		1.19549		0		4.527227227227227
-0.17712		-0.98419		0		1.31356		0.77967		0		-0.95933		1.18871		0		4.534334334334334
-0.17012		-0.98542		0		1.30799		0.78899		0		-0.96775		1.18186		0		4.5414414414414415
-0.16311		-0.98661		0		1.30235		0.79827		0		-0.97613		1.17495		0		4.548548548548548
-0.15609		-0.98774		0		1.29664		0.8075		0		-0.98445		1.16798		0		4.555655655655656
-0.14907		-0.98883		0		1.29087		0.8167		0		-0.99273		1.16096		0		4.5627627627627625
-0.14204		-0.98986		0		1.28503		0.82585		0		-1.00096		1.15387		0		4.569869869869869
-0.135		-0.99085		0		1.27913		0.83496		0		-1.00913		1.14673		0		4.576976976976977
-0.12795		-0.99178		0		1.27316		0.84403		0		-1.01726		1.13953		0		4.5840840840840835
-0.1209		-0.99266		0		1.26713		0.85306		0		-1.02533		1.13227		0		4.591191191191191
-0.11384		-0.9935		0		1.26104		0.86204		0		-1.03335		1.12495		0		4.598298298298298
-0.10678		-0.99428		0		1.25488		0.87098		0		-1.04132		1.11758		0		4.605405405405405
-0.09971		-0.99502		0		1.24866		0.87988		0		-1.04924		1.11015		0		4.612512512512512
-0.09264		-0.9957		0		1.24237		0.88873		0		-1.0571		1.10267		0		4.61961961961962
-0.08556		-0.99633		0		1.23602		0.89754		0		-1.06491		1.09513		0		4.6267267267267265
-0.07847		-0.99692		0		1.22961		0.9063		0		-1.07267		1.08753		0		4.633833833833833
-0.07139		-0.99745		0		1.22314		0.91502		0		-1.08037		1.07988		0		4.640940940940941
-0.0643		-0.99793		0		1.21661		0.92369		0		-1.08801		1.07217		0		4.6480480480480475
-0.0572		-0.99836		0		1.21001		0.93231		0		-1.09561		1.06441		0		4.655155155155155
-0.05011		-0.99874		0		1.20336		0.94089		0		-1.10314		1.0566		0		4.662262262262262
-0.04301		-0.99907		0		1.19664		0.94942		0		-1.11063		1.04873		0		4.669369369369369
-0.0359		-0.99936		0		1.18986		0.9579		0		-1.11805		1.04081		0		4.676476476476476
-0.0288		-0.99959		0		1.18302		0.96633		0		-1.12542		1.03284		0		4.683583583583584
-0.0217		-0.99976		0		1.17613		0.97471		0		-1.13273		1.02482		0		4.6906906906906904
-0.01459		-0.99989		0		1.16917		0.98305		0		-1.13999		1.01674		0		4.697797797797797
-0.00748		-0.99997		0		1.16215		0.99133		0		-1.14718		1.00861		0		4.704904904904905
-0.00038		-1.0		0		1.15508		0.99956		0		-1.15432		1.00044		0		4.7120120120120115
0.00673		-0.99998		0		1.14794		1.00775		0		-1.1614		0.99221		0		4.719119119119119
0.01384		-0.9999		0		1.14075		1.01588		0		-1.16843		0.98393		0		4.726226226226226
0.02094		-0.99978		0		1.1335		1.02396		0		-1.17539		0.9756		0		4.733333333333333
0.02805		-0.99961		0		1.1262		1.03199		0		-1.18229		0.96722		0		4.74044044044044
0.03515		-0.99938		0		1.11884		1.03997		0		-1.18914		0.95879		0		4.747547547547548
0.04225		-0.99911		0		1.11142		1.0479		0		-1.19592		0.95032		0		4.754654654654654
0.04935		-0.99878		0		1.10394		1.05577		0		-1.20265		0.94179		0		4.761761761761761
0.05645		-0.99841		0		1.09641		1.06359		0		-1.20931		0.93322		0		4.768868868868869
0.06354		-0.99798		0		1.08882		1.07135		0		-1.21591		0.9246		0		4.7759759759759755
0.07064		-0.9975		0		1.08118		1.07906		0		-1.22245		0.91594		0		4.783083083083083
0.07772		-0.99698		0		1.07348		1.08672		0		-1.22893		0.90723		0		4.79019019019019
0.08481		-0.9964		0		1.06573		1.09432		0		-1.23535		0.89847		0		4.797297297297297
0.09189		-0.99577		0		1.05793		1.10187		0		-1.2417		0.88967		0		4.804404404404404
0.09896		-0.99509		0		1.05007		1.10936		0		-1.24799		0.88082		0		4.811511511511511
0.10603		-0.99436		0		1.04216		1.1168		0		-1.25422		0.87193		0		4.818618618618618
0.11309		-0.99358		0		1.0342		1.12417		0		-1.26039		0.86299		0		4.825725725725725
0.12015		-0.99276		0		1.02618		1.1315		0		-1.26649		0.85401		0		4.832832832832833
0.12721		-0.99188		0		1.01811		1.13876		0		-1.27253		0.84499		0		4.839939939939939
0.13425		-0.99095		0		1.01		1.14597		0		-1.2785		0.83593		0		4.847047047047047
0.14129		-0.98997		0		1.00183		1.15312		0		-1.28441		0.82682		0		4.854154154154154
0.14832		-0.98894		0		0.99361		1.16021		0		-1.29025		0.81767		0		4.861261261261261
0.15535		-0.98786		0		0.98533		1.16724		0		-1.29603		0.80848		0		4.868368368368368
0.16236		-0.98673		0		0.97701		1.17421		0		-1.30174		0.79925		0		4.875475475475475
0.16937		-0.98555		0		0.96864		1.18113		0		-1.30739		0.78998		0		4.882582582582582
0.17637		-0.98432		0		0.96023		1.18798		0		-1.31297		0.78067		0		4.889689689689689
0.18336		-0.98305		0		0.95176		1.19478		0		-1.31849		0.77131		0		4.896796796796797
0.19035		-0.98172		0		0.94324		1.20151		0		-1.32394		0.76192		0		4.903903903903903
0.19732		-0.98034		0		0.93468		1.20818		0		-1.32932		0.7525		0		4.911011011011011
0.20428		-0.97891		0		0.92607		1.2148		0		-1.33463		0.74303		0		4.918118118118118
0.21123		-0.97744		0		0.91741		1.22135		0		-1.33988		0.73352		0		4.925225225225225
0.21817		-0.97591		0		0.90871		1.22784		0		-1.34506		0.72398		0		4.932332332332332
0.2251		-0.97433		0		0.89996		1.23426		0		-1.35017		0.71441		0		4.939439439439439
0.23202		-0.97271		0		0.89117		1.24063		0		-1.35521		0.70479		0		4.946546546546546
0.23893		-0.97104		0		0.88233		1.24693		0		-1.36019		0.69514		0		4.953653653653653
0.24583		-0.96931		0		0.87344		1.25317		0		-1.36509		0.68546		0		4.960760760760761
0.25271		-0.96754		0		0.86451		1.25935		0		-1.36993		0.67574		0		4.967867867867867
0.25958		-0.96572		0		0.85554		1.26546		0		-1.3747		0.66599		0		4.974974974974975
0.26644		-0.96385		0		0.84653		1.27151		0		-1.3794		0.6562		0		4.982082082082082
0.27328		-0.96193		0		0.83747		1.27749		0		-1.38403		0.64638		0		4.989189189189189
0.28011		-0.95997		0		0.82837		1.28341		0		-1.38858		0.63653		0		4.996296296296296
0.28692		-0.95795		0		0.81923		1.28926		0		-1.39307		0.62664		0		5.003403403403403
0.29373		-0.95589		0		0.81004		1.29505		0		-1.39749		0.61673		0		5.01051051051051
0.30051		-0.95378		0		0.80082		1.30078		0		-1.40184		0.60678		0		5.017617617617617
0.30728		-0.95162		0		0.79155		1.30644		0		-1.40612		0.5968		0		5.024724724724725
0.31404		-0.94941		0		0.78225		1.31203		0		-1.41032		0.58679		0		5.031831831831831
0.32078		-0.94715		0		0.7729		1.31756		0		-1.41446		0.57675		0		5.038938938938939
0.3275		-0.94485		0		0.76352		1.32302		0		-1.41852		0.56669		0		5.046046046046046
0.33421		-0.9425		0		0.7541		1.32841		0		-1.42251		0.55659		0		5.053153153153153
0.3409		-0.9401		0		0.74464		1.33373		0		-1.42643		0.54647		0		5.06026026026026
0.34757		-0.93765		0		0.73514		1.33899		0		-1.43028		0.53631		0		5.067367367367367
0.35423		-0.93516		0		0.7256		1.34418		0		-1.43406		0.52614		0		5.074474474474474
0.36086		-0.93262		0		0.71603		1.34931		0		-1.43776		0.51593		0		5.081581581581581
0.36748		-0.93003		0		0.70643		1.35436		0		-1.44139		0.5057		0		5.088688688688689
0.37408		-0.9274		0		0.69678		1.35935		0		-1.44495		0.49544		0		5.095795795795795
0.38066		-0.92471		0		0.6871		1.36427		0		-1.44843		0.48516		0		5.102902902902903
0.38723		-0.92198		0		0.67739		1.36911		0		-1.45184		0.47485		0		5.11001001001001
0.39377		-0.91921		0		0.66764		1.37389		0		-1.45518		0.46452		0		5.117117117117117
0.40029		-0.91639		0		0.65786		1.3786		0		-1.45845		0.45417		0		5.124224224224224
0.40679		-0.91352		0		0.64805		1.38325		0		-1.46164		0.44379		0		5.131331331331331
0.41328		-0.91061		0		0.6382		1.38782		0		-1.46475		0.43339		0		5.138438438438438
0.41974		-0.90765		0		0.62832		1.39232		0		-1.4678		0.42297		0		5.145545545545545
0.42618		-0.90464		0		0.61841		1.39675		0		-1.47077		0.41253		0		5.152652652652653
0.4326		-0.90159		0		0.60847		1.40111		0		-1.47366		0.40207		0		5.159759759759759
0.43899		-0.89849		0		0.59849		1.4054		0		-1.47648		0.39158		0		5.166866866866867
0.44537		-0.89535		0		0.58849		1.40961		0		-1.47923		0.38108		0		5.173973973973974
0.45172		-0.89216		0		0.57846		1.41376		0		-1.4819		0.37056		0		5.18108108108108
0.45805		-0.88893		0		0.5684		1.41784		0		-1.48449		0.36002		0		5.188188188188188
0.46436		-0.88565		0		0.5583		1.42184		0		-1.48701		0.34946		0		5.195295295295295
0.47064		-0.88233		0		0.54819		1.42577		0		-1.48946		0.33888		0		5.202402402402402
0.4769		-0.87896		0		0.53804		1.42963		0		-1.49183		0.32829		0		5.209509509509509
0.48313		-0.87555		0		0.52786		1.43342		0		-1.49413		0.31768		0		5.216616616616617
0.48934		-0.87209		0		0.51766		1.43714		0		-1.49635		0.30705		0		5.223723723723723
0.49553		-0.86859		0		0.50744		1.44078		0		-1.49849		0.29641		0		5.230830830830831
0.50169		-0.86505		0		0.49718		1.44435		0		-1.50056		0.28575		0		5.237937937937938
0.50782		-0.86146		0		0.48691		1.44785		0		-1.50255		0.27508		0		5.245045045045044
0.51393		-0.85783		0		0.4766		1.45127		0		-1.50447		0.26439		0		5.252152152152152
0.52002		-0.85416		0		0.46628		1.45462		0		-1.50631		0.25369		0		5.259259259259259
0.52607		-0.85044		0		0.45593		1.4579		0		-1.50808		0.24298		0		5.266366366366366
0.5321		-0.84668		0		0.44556		1.4611		0		-1.50976		0.23226		0		5.273473473473473
0.53811		-0.84288		0		0.43516		1.46423		0		-1.51138		0.22152		0		5.2805805805805806
0.54409		-0.83903		0		0.42474		1.46729		0		-1.51291		0.21077		0		5.287687687687687
0.55003		-0.83514		0		0.4143		1.47027		0		-1.51437		0.20002		0		5.294794794794795
0.55596		-0.83121		0		0.40384		1.47317		0		-1.51576		0.18925		0		5.301901901901902
0.56185		-0.82724		0		0.39336		1.47601		0		-1.51706		0.17847		0		5.309009009009008
0.56771		-0.82323		0		0.38286		1.47877		0		-1.51829		0.16768		0		5.316116116116116
0.57355		-0.81917		0		0.37234		1.48145		0		-1.51945		0.15689		0		5.323223223223223
0.57936		-0.81507		0		0.36181		1.48406		0		-1.52052		0.14609		0		5.33033033033033
0.58514		-0.81093		0		0.35125		1.48659		0		-1.52152		0.13528		0		5.337437437437437
0.59089		-0.80676		0		0.34068		1.48905		0		-1.52245		0.12446		0		5.3445445445445445
0.5966		-0.80254		0		0.33008		1.49143		0		-1.52329		0.11364		0		5.351651651651651
0.60229		-0.79828		0		0.31948		1.49374		0		-1.52406		0.10281		0		5.358758758758759
0.60795		-0.79397		0		0.30885		1.49598		0		-1.52475		0.09197		0		5.365865865865866
0.61358		-0.78963		0		0.29821		1.49813		0		-1.52537		0.08114		0		5.372972972972972
0.61917		-0.78525		0		0.28756		1.50021		0		-1.52591		0.07029		0		5.38008008008008
0.62474		-0.78083		0		0.27689		1.50222		0		-1.52637		0.05945		0		5.387187187187187
0.63027		-0.77637		0		0.26621		1.50415		0		-1.52675		0.0486		0		5.394294294294294
0.63578		-0.77187		0		0.25551		1.506		0		-1.52706		0.03774		0		5.401401401401401
0.64124		-0.76734		0		0.2448		1.50778		0		-1.52729		0.02689		0		5.4085085085085085
0.64668		-0.76276		0		0.23408		1.50948		0		-1.52744		0.01604		0		5.415615615615615
0.65209		-0.75814		0		0.22334		1.51111		0		-1.52752		0.00518		0		5.422722722722723
0.65746		-0.75349		0		0.2126		1.51266		0		-1.52751		-0.00568		0		5.4298298298298295
0.6628		-0.7488		0		0.20184		1.51413		0		-1.52744		-0.01653		0		5.436936936936936
0.6681		-0.74407		0		0.19108		1.51553		0		-1.52728		-0.02739		0		5.444044044044044
0.67337		-0.7393		0		0.1803		1.51685		0		-1.52705		-0.03824		0		5.451151151151151
0.67861		-0.7345		0		0.16952		1.51809		0		-1.52674		-0.04909		0		5.458258258258258
0.68381		-0.72966		0		0.15872		1.51926		0		-1.52635		-0.05994		0		5.465365365365365
0.68898		-0.72478		0		0.14792		1.52035		0		-1.52588		-0.07079		0		5.4724724724724725
0.69412		-0.71986		0		0.13711		1.52136		0		-1.52534		-0.08163		0		5.479579579579579
0.69921		-0.71491		0		0.1263		1.5223		0		-1.52472		-0.09247		0		5.486686686686687
0.70428		-0.70992		0		0.11547		1.52315		0		-1.52403		-0.1033		0		5.4937937937937935
0.70931		-0.7049		0		0.10465		1.52394		0		-1.52326		-0.11413		0		5.5009009009009
0.7143		-0.69984		0		0.09381		1.52464		0		-1.52241		-0.12496		0		5.508008008008008
0.71925		-0.69475		0		0.08297		1.52527		0		-1.52148		-0.13577		0		5.5151151151151145
0.72417		-0.68962		0		0.07213		1.52582		0		-1.52048		-0.14658		0		5.522222222222222
0.72906		-0.68446		0		0.06129		1.5263		0		-1.5194		-0.15739		0		5.529329329329329
0.7339		-0.67926		0		0.05044		1.52669		0		-1.51824		-0.16818		0		5.5364364364364365
0.73871		-0.67402		0		0.03959		1.52701		0		-1.51701		-0.17897		0		5.543543543543543
0.74348		-0.66876		0		0.02873		1.52725		0		-1.51569		-0.18974		0		5.550650650650651
0.74822		-0.66346		0		0.01788		1.52742		0		-1.51431		-0.20051		0		5.5577577577577575
0.75291		-0.65812		0		0.00702		1.52751		0		-1.51284		-0.21127		0		5.564864864864864
0.75757		-0.65275		0		-0.00384		1.52752		0		-1.51131		-0.22201		0		5.571971971971972
0.76219		-0.64735		0		-0.01469		1.52745		0		-1.50969		-0.23275		0		5.5790790790790785
0.76677		-0.64192		0		-0.02555		1.52731		0		-1.508		-0.24347		0		5.586186186186186
0.77131		-0.63645		0		-0.0364		1.52709		0		-1.50623		-0.25418		0		5.593293293293293
0.77582		-0.63096		0		-0.04725		1.52679		0		-1.50438		-0.26488		0		5.6004004004004
0.78028		-0.62543		0		-0.0581		1.52642		0		-1.50246		-0.27557		0		5.607507507507507
0.78471		-0.61987		0		-0.06895		1.52597		0		-1.50047		-0.28624		0		5.614614614614614
0.78909		-0.61427		0		-0.07979		1.52544		0		-1.49839		-0.29689		0		5.6217217217217215
0.79344		-0.60865		0		-0.09063		1.52483		0		-1.49625		-0.30754		0		5.628828828828828
0.79775		-0.60299		0		-0.10147		1.52415		0		-1.49402		-0.31816		0		5.635935935935936
0.80201		-0.59731		0		-0.1123		1.52339		0		-1.49172		-0.32877		0		5.6430430430430425
0.80624		-0.59159		0		-0.12312		1.52256		0		-1.48935		-0.33937		0		5.65015015015015
0.81042		-0.58585		0		-0.13394		1.52164		0		-1.4869		-0.34994		0		5.657257257257257
0.81456		-0.58008		0		-0.14475		1.52065		0		-1.48438		-0.3605		0		5.664364364364364
0.81867		-0.57427		0		-0.15555		1.51958		0		-1.48178		-0.37104		0		5.671471471471471
0.82273		-0.56844		0		-0.16635		1.51844		0		-1.4791		-0.38156		0		5.678578578578578
0.82674		-0.56258		0		-0.17714		1.51722		0		-1.47635		-0.39207		0		5.685685685685685
0.83072		-0.55669		0		-0.18792		1.51592		0		-1.47353		-0.40255		0		5.692792792792792
0.83466		-0.55077		0		-0.19868		1.51455		0		-1.47063		-0.41301		0		5.6998998998999
0.83855		-0.54482		0		-0.20944		1.5131		0		-1.46766		-0.42345		0		5.7070070070070065
0.8424		-0.53885		0		-0.22019		1.51157		0		-1.46461		-0.43387		0		5.714114114114114
0.84621		-0.53285		0		-0.23093		1.50997		0		-1.46149		-0.44427		0		5.721221221221221
0.84998		-0.52682		0		-0.24165		1.50829		0		-1.4583		-0.45465		0		5.728328328328328
0.8537		-0.52077		0		-0.25237		1.50653		0		-1.45503		-0.465		0		5.735435435435435
0.85738		-0.51469		0		-0.26307		1.5047		0		-1.45169		-0.47533		0		5.742542542542542
0.86101		-0.50858		0		-0.27376		1.50279		0		-1.44827		-0.48563		0		5.749649649649649
0.86461		-0.50245		0		-0.28443		1.50081		0		-1.44478		-0.49591		0		5.756756756756756
0.86816		-0.49629		0		-0.29509		1.49875		0		-1.44122		-0.50617		0		5.763863863863864
0.87166		-0.49011		0		-0.30573		1.49662		0		-1.43759		-0.5164		0		5.7709709709709704
0.87512		-0.4839		0		-0.31636		1.49441		0		-1.43388		-0.5266		0		5.778078078078078
0.87854		-0.47767		0		-0.32697		1.49212		0		-1.4301		-0.53678		0		5.785185185185185
0.88191		-0.47141		0		-0.33757		1.48976		0		-1.42625		-0.54693		0		5.792292292292292
0.88524		-0.46513		0		-0.34815		1.48732		0		-1.42233		-0.55705		0		5.799399399399399
0.88852		-0.45883		0		-0.35871		1.48481		0		-1.41834		-0.56715		0		5.806506506506506
0.89176		-0.4525		0		-0.36926		1.48222		0		-1.41427		-0.57721		0		5.813613613613613
0.89496		-0.44616		0		-0.37978		1.47956		0		-1.41013		-0.58725		0		5.82072072072072
0.8981		-0.43978		0		-0.39029		1.47682		0		-1.40592		-0.59726		0		5.827827827827828
0.90121		-0.43339		0		-0.40077		1.47401		0		-1.40164		-0.60723		0		5.834934934934934
0.90426		-0.42697		0		-0.41124		1.47113		0		-1.39729		-0.61718		0		5.842042042042042
0.90728		-0.42054		0		-0.42168		1.46817		0		-1.39287		-0.6271		0		5.849149149149149
0.91024		-0.41408		0		-0.43211		1.46513		0		-1.38838		-0.63698		0		5.856256256256256
0.91316		-0.4076		0		-0.44251		1.46203		0		-1.38382		-0.64683		0		5.863363363363363
0.91604		-0.4011		0		-0.45289		1.45884		0		-1.37918		-0.65665		0		5.87047047047047
0.91886		-0.39458		0		-0.46324		1.45559		0		-1.37448		-0.66643		0		5.877577577577577
0.92164		-0.38804		0		-0.47358		1.45226		0		-1.36971		-0.67619		0		5.884684684684684
0.92438		-0.38148		0		-0.48389		1.44886		0		-1.36487		-0.6859		0		5.891791791791792
0.92707		-0.3749		0		-0.49417		1.44538		0		-1.35996		-0.69559		0		5.898898898898898
0.92971		-0.3683		0		-0.50443		1.44183		0		-1.35498		-0.70523		0		5.906006006006006
0.9323		-0.36168		0		-0.51467		1.43821		0		-1.34994		-0.71485		0		5.913113113113113
0.93485		-0.35505		0		-0.52487		1.43452		0		-1.34482		-0.72442		0		5.92022022022022
0.93735		-0.34839		0		-0.53506		1.43075		0		-1.33964		-0.73396		0		5.927327327327327
0.9398		-0.34172		0		-0.54521		1.42691		0		-1.33439		-0.74346		0		5.934434434434434
0.94221		-0.33504		0		-0.55534		1.423		0		-1.32907		-0.75293		0		5.941541541541541
0.94456		-0.32833		0		-0.56544		1.41902		0		-1.32369		-0.76236		0		5.948648648648648
0.94687		-0.32161		0		-0.57551		1.41496		0		-1.31824		-0.77174		0		5.955755755755756
0.94913		-0.31487		0		-0.58555		1.41084		0		-1.31272		-0.78109		0		5.962862862862862
0.95135		-0.30812		0		-0.59556		1.40664		0		-1.30713		-0.7904		0		5.96996996996997
0.95351		-0.30135		0		-0.60554		1.40237		0		-1.30148		-0.79967		0		5.977077077077077
0.95563		-0.29457		0		-0.6155		1.39803		0		-1.29577		-0.8089		0		5.984184184184183
0.9577		-0.28777		0		-0.62542		1.39362		0		-1.28998		-0.81809		0		5.991291291291291
0.95972		-0.28095		0		-0.63531		1.38914		0		-1.28414		-0.82724		0		5.998398398398398
0.96169		-0.27413		0		-0.64516		1.38459		0		-1.27823		-0.83634		0		6.005505505505505
0.96362		-0.26728		0		-0.65499		1.37997		0		-1.27225		-0.84541		0		6.012612612612612
0.96549		-0.26043		0		-0.66478		1.37528		0		-1.26621		-0.85443		0		6.01971971971972
0.96732		-0.25356		0		-0.67453		1.37052		0		-1.26011		-0.8634		0		6.026826826826826
0.9691		-0.24668		0		-0.68426		1.3657		0		-1.25394		-0.87234		0		6.033933933933934
0.97083		-0.23978		0		-0.69395		1.3608		0		-1.24771		-0.88123		0		6.041041041041041
0.97251		-0.23288		0		-0.7036		1.35583		0		-1.24141		-0.89007		0		6.048148148148147
0.97414		-0.22596		0		-0.71322		1.3508		0		-1.23505		-0.89887		0		6.055255255255255
0.97572		-0.21903		0		-0.7228		1.34569		0		-1.22863		-0.90763		0		6.062362362362362
0.97725		-0.21209		0		-0.73235		1.34052		0		-1.22215		-0.91634		0		6.069469469469469
0.97873		-0.20514		0		-0.74185		1.33528		0		-1.21561		-0.925		0		6.076576576576576
0.98017		-0.19818		0		-0.75133		1.32998		0		-1.20901		-0.93362		0		6.083683683683684
0.98155		-0.19121		0		-0.76076		1.32461		0		-1.20234		-0.94219		0		6.09079079079079
0.98288		-0.18423		0		-0.77015		1.31916		0		-1.19561		-0.95071		0		6.097897897897898
0.98417		-0.17724		0		-0.77951		1.31366		0		-1.18883		-0.95918		0		6.105005005005005
0.9854		-0.17024		0		-0.78883		1.30808		0		-1.18198		-0.9676		0		6.112112112112111
0.98659		-0.16323		0		-0.7981		1.30245		0		-1.17507		-0.97598		0		6.119219219219219
0.98772		-0.15622		0		-0.80734		1.29674		0		-1.16811		-0.98431		0		6.126326326326326
0.98881		-0.14919		0		-0.81654		1.29097		0		-1.16108		-0.99258		0		6.133433433433433
0.98984		-0.14216		0		-0.82569		1.28513		0		-1.154		-1.00081		0		6.14054054054054
0.99083		-0.13512		0		-0.8348		1.27923		0		-1.14686		-1.00899		0		6.147647647647648
0.99176		-0.12808		0		-0.84387		1.27327		0		-1.13966		-1.01711		0		6.154754754754754
0.99265		-0.12103		0		-0.8529		1.26724		0		-1.1324		-1.02519		0		6.161861861861862
0.99348		-0.11397		0		-0.86189		1.26115		0		-1.12508		-1.03321		0		6.168968968968969
0.99427		-0.1069		0		-0.87083		1.25499		0		-1.11771		-1.04118		0		6.176076076076075
0.995		-0.09984		0		-0.87972		1.24877		0		-1.11028		-1.0491		0		6.183183183183183
0.99569		-0.09276		0		-0.88858		1.24248		0		-1.1028		-1.05696		0		6.19029029029029
0.99632		-0.08568		0		-0.89738		1.23614		0		-1.09526		-1.06477		0		6.197397397397397
0.99691		-0.0786		0		-0.90615		1.22973		0		-1.08767		-1.07253		0		6.204504504504504
0.99744		-0.07151		0		-0.91486		1.22326		0		-1.08002		-1.08023		0		6.211611611611612
0.99792		-0.06442		0		-0.92353		1.21672		0		-1.07231		-1.08788		0		6.218718718718718
0.99836		-0.05733		0		-0.93216		1.21013		0		-1.06455		-1.09547		0		6.225825825825826
0.99874		-0.05023		0		-0.94074		1.20347		0		-1.05674		-1.10301		0		6.232932932932933
0.99907		-0.04313		0		-0.94926		1.19676		0		-1.04887		-1.11049		0		6.240040040040039
0.99935		-0.03603		0		-0.95775		1.18998		0		-1.04095		-1.11792		0		6.247147147147147
0.99958		-0.02893		0		-0.96618		1.18314		0		-1.03298		-1.12529		0		6.254254254254254
0.99976		-0.02182		0		-0.97456		1.17625		0		-1.02496		-1.1326		0		6.261361361361361
0.99989		-0.01472		0		-0.9829		1.16929		0		-1.01688		-1.13986		0		6.268468468468468
0.99997		-0.00761		0		-0.99118		1.16228		0		-1.00876		-1.14706		0		6.2755755755755755
1.0		-0.0005		0		-0.99942		1.1552		0		-1.00058		-1.1542		0		6.282682682682682
0.99998		0.0066		0		-1.0076		1.14807		0		-0.99235		-1.16128		0		6.28978978978979
0.99991		0.01371		0		-1.01574		1.14088		0		-0.98407		-1.1683		0		6.296896896896897
0.99978		0.02082		0		-1.02382		1.13363		0		-0.97575		-1.17527		0		6.304004004004003
0.99961		0.02792		0		-1.03185		1.12633		0		-0.96737		-1.18217		0		6.311111111111111
0.99939		0.03503		0		-1.03983		1.11897		0		-0.95894		-1.18902		0		6.318218218218218
0.99911		0.04213		0		-1.04776		1.11155		0		-0.95047		-1.1958		0		6.325325325325325
0.99879		0.04923		0		-1.05563		1.10407		0		-0.94194		-1.20253		0		6.332432432432432
0.99841		0.05632		0		-1.06345		1.09654		0		-0.93337		-1.20919		0		6.3395395395395395
0.99799		0.06342		0		-1.07122		1.08896		0		-0.92476		-1.21579		0		6.346646646646646
0.99751		0.07051		0		-1.07893		1.08132		0		-0.91609		-1.22234		0		6.353753753753753
0.99698		0.0776		0		-1.08659		1.07362		0		-0.90738		-1.22882		0		6.3608608608608606
0.99641		0.08468		0		-1.09419		1.06587		0		-0.89863		-1.23523		0		6.367967967967967
0.99578		0.09176		0		-1.10174		1.05807		0		-0.88983		-1.24159		0		6.375075075075075
0.9951		0.09884		0		-1.10923		1.05021		0		-0.88098		-1.24788		0		6.382182182182182
0.99438		0.10591		0		-1.11666		1.0423		0		-0.87209		-1.25411		0		6.389289289289289
0.9936		0.11297		0		-1.12404		1.03434		0		-0.86315		-1.26028		0		6.396396396396396
0.99277		0.12003		0		-1.13137		1.02632		0		-0.85417		-1.26638		0		6.4035035035035035
0.99189		0.12708		0		-1.13863		1.01826		0		-0.84515		-1.27242		0		6.41061061061061
0.99096		0.13413		0		-1.14584		1.01014		0		-0.83609		-1.27839		0		6.417717717717717
0.98999		0.14117		0		-1.15299		1.00197		0		-0.82698		-1.2843		0		6.4248248248248245
0.98896		0.1482		0		-1.16008		0.99375		0		-0.81783		-1.29015		0		6.431931931931931
0.98788		0.15522		0		-1.16712		0.98548		0		-0.80864		-1.29593		0		6.439039039039039
0.98675		0.16224		0		-1.17409		0.97716		0		-0.79941		-1.30164		0		6.446146146146146
0.98557		0.16925		0		-1.18101		0.96879		0		-0.79014		-1.30729		0		6.453253253253253
0.98435		0.17625		0		-1.18786		0.96037		0		-0.78083		-1.31287		0		6.46036036036036
0.98307		0.18324		0		-1.19466		0.95191		0		-0.77148		-1.31839		0		6.4674674674674675
0.98174		0.19022		0		-1.20139		0.94339		0		-0.76209		-1.32384		0		6.474574574574574
0.98036		0.1972		0		-1.20807		0.93483		0		-0.75266		-1.32922		0		6.481681681681681
0.97894		0.20416		0		-1.21468		0.92622		0		-0.7432		-1.33454		0		6.4887887887887885
0.97746		0.21111		0		-1.22123		0.91757		0		-0.73369		-1.33979		0		6.495895895895895
0.97594		0.21805		0		-1.22772		0.90886		0		-0.72415		-1.34497		0		6.503003003003003
0.97436		0.22498		0		-1.23415		0.90012		0		-0.71458		-1.35008		0		6.5101101101101095
0.97274		0.2319		0		-1.24052		0.89132		0		-0.70496		-1.35512		0		6.517217217217217
0.97107		0.23881		0		-1.24682		0.88248		0		-0.69531		-1.3601		0		6.524324324324324
0.96934		0.2457		0		-1.25306		0.8736		0		-0.68563		-1.36501		0		6.5314314314314315
0.96757		0.25259		0		-1.25924		0.86467		0		-0.67591		-1.36985		0		6.538538538538538
0.96575		0.25946		0		-1.26535		0.8557		0		-0.66616		-1.37461		0		6.545645645645645
0.96389		0.26631		0		-1.2714		0.84669		0		-0.65637		-1.37931		0		6.5527527527527525
0.96197		0.27316		0		-1.27739		0.83763		0		-0.64655		-1.38394		0		6.559859859859859
0.96		0.27999		0		-1.28331		0.82853		0		-0.6367		-1.3885		0		6.566966966966967
0.95799		0.2868		0		-1.28916		0.81939		0		-0.62682		-1.39299		0		6.5740740740740735
0.95593		0.2936		0		-1.29495		0.8102		0		-0.6169		-1.39741		0		6.581181181181181
0.95382		0.30039		0		-1.30068		0.80098		0		-0.60695		-1.40176		0		6.588288288288288
0.95166		0.30716		0		-1.30634		0.79172		0		-0.59698		-1.40604		0		6.595395395395395
0.94945		0.31392		0		-1.31193		0.78241		0		-0.58697		-1.41025		0		6.602502502502502
0.94719		0.32066		0		-1.31746		0.77307		0		-0.57693		-1.41438		0		6.609609609609609
0.94489		0.32738		0		-1.32292		0.76369		0		-0.56686		-1.41845		0		6.6167167167167165
0.94254		0.33409		0		-1.32831		0.75426		0		-0.55677		-1.42244		0		6.623823823823823
0.94014		0.34078		0		-1.33364		0.7448		0		-0.54665		-1.42636		0		6.630930930930931
0.9377		0.34745		0		-1.3389		0.73531		0		-0.53649		-1.43021		0		6.6380380380380375
0.9352		0.35411		0		-1.34409		0.72577		0		-0.52632		-1.43399		0		6.645145145145145
0.93266		0.36075		0		-1.34922		0.7162		0		-0.51611		-1.43769		0		6.652252252252252
0.93008		0.36736		0		-1.35427		0.7066		0		-0.50588		-1.44133		0		6.659359359359359
0.92744		0.37397		0		-1.35926		0.69695		0		-0.49562		-1.44488		0		6.666466466466466
0.92476		0.38055		0		-1.36418		0.68727		0		-0.48534		-1.44837		0		6.673573573573573
0.92203		0.38711		0		-1.36903		0.67756		0		-0.47504		-1.45178		0		6.68068068068068
0.91926		0.39365		0		-1.37381		0.66782		0		-0.46471		-1.45512		0		6.687787787787787
0.91644		0.40018		0		-1.37852		0.65803		0		-0.45435		-1.45839		0		6.694894894894895
0.91357		0.40668		0		-1.38316		0.64822		0		-0.44398		-1.46158		0		6.7020020020020015
0.91066		0.41316		0		-1.38774		0.63837		0		-0.43358		-1.4647		0		6.709109109109109
0.9077		0.41962		0		-1.39224		0.6285		0		-0.42316		-1.46774		0		6.716216216216216
0.90469		0.42606		0		-1.39667		0.61859		0		-0.41272		-1.47071		0		6.7233233233233225
0.90164		0.43248		0		-1.40103		0.60864		0		-0.40225		-1.47361		0		6.73043043043043
0.89855		0.43888		0		-1.40532		0.59867		0		-0.39177		-1.47643		0		6.737537537537537
0.8954		0.44526		0		-1.40954		0.58867		0		-0.38127		-1.47918		0		6.744644644644644
0.89222		0.45161		0		-1.41369		0.57864		0		-0.37074		-1.48185		0		6.751751751751751
0.88898		0.45794		0		-1.41776		0.56857		0		-0.3602		-1.48445		0		6.758858858858859
0.88571		0.46424		0		-1.42177		0.55848		0		-0.34964		-1.48697		0		6.7659659659659654
0.88239		0.47053		0		-1.4257		0.54836		0		-0.33907		-1.48942		0		6.773073073073073
0.87902		0.47679		0		-1.42956		0.53822		0		-0.32847		-1.49179		0		6.78018018018018
0.87561		0.48302		0		-1.43335		0.52804		0		-0.31786		-1.49409		0		6.7872872872872865
0.87215		0.48923		0		-1.43707		0.51784		0		-0.30724		-1.49631		0		6.794394394394394
0.86865		0.49542		0		-1.44071		0.50762		0		-0.29659		-1.49845		0		6.801501501501501
0.86511		0.50158		0		-1.44429		0.49737		0		-0.28594		-1.50052		0		6.808608608608608
0.86153		0.50771		0		-1.44778		0.48709		0		-0.27527		-1.50252		0		6.815715715715715
0.85789		0.51383		0		-1.45121		0.47679		0		-0.26458		-1.50444		0		6.822822822822823
0.85422		0.51991		0		-1.45456		0.46646		0		-0.25388		-1.50628		0		6.829929929929929
0.8505		0.52597		0		-1.45784		0.45611		0		-0.24317		-1.50805		0		6.837037037037037
0.84675		0.532		0		-1.46104		0.44574		0		-0.23245		-1.50974		0		6.844144144144144
0.84294		0.538		0		-1.46418		0.43534		0		-0.22171		-1.51135		0		6.8512512512512505
0.8391		0.54398		0		-1.46723		0.42493		0		-0.21096		-1.51289		0		6.858358358358358
0.83521		0.54993		0		-1.47022		0.41449		0		-0.20021		-1.51435		0		6.865465465465465
0.83128		0.55585		0		-1.47312		0.40403		0		-0.18944		-1.51573		0		6.872572572572572
0.82731		0.56175		0		-1.47596		0.39355		0		-0.17866		-1.51704		0		6.879679679679679
0.8233		0.56761		0		-1.47872		0.38305		0		-0.16788		-1.51827		0		6.886786786786787
0.81924		0.57345		0		-1.4814		0.37253		0		-0.15708		-1.51943		0		6.893893893893893
0.81515		0.57926		0		-1.48401		0.36199		0		-0.14628		-1.52051		0		6.901001001001001
0.81101		0.58503		0		-1.48655		0.35144		0		-0.13547		-1.52151		0		6.908108108108108
0.80683		0.59078		0		-1.48901		0.34086		0		-0.12465		-1.52243		0		6.915215215215214
0.80261		0.5965		0		-1.49139		0.33027		0		-0.11383		-1.52328		0		6.922322322322322
0.79835		0.60219		0		-1.4937		0.31966		0		-0.103		-1.52405		0		6.929429429429429
0.79405		0.60785		0		-1.49594		0.30904		0		-0.09217		-1.52474		0		6.936536536536536
0.78971		0.61348		0		-1.4981		0.2984		0		-0.08133		-1.52536		0		6.943643643643643
0.78533		0.61908		0		-1.50018		0.28775		0		-0.07048		-1.5259		0		6.950750750750751
0.78091		0.62464		0		-1.50219		0.27708		0		-0.05964		-1.52636		0		6.957857857857857
0.77645		0.63018		0		-1.50412		0.26639		0		-0.04879		-1.52675		0		6.964964964964965
0.77195		0.63568		0		-1.50597		0.2557		0		-0.03794		-1.52705		0		6.972072072072072
0.76742		0.64115		0		-1.50775		0.24499		0		-0.02708		-1.52729		0		6.979179179179178
0.76284		0.64659		0		-1.50945		0.23427		0		-0.01623		-1.52744		0		6.986286286286286
0.75823		0.65199		0		-1.51108		0.22353		0		-0.00537		-1.52752		0		6.993393393393393
0.75357		0.65736		0		-1.51263		0.21279		0		0.00549		-1.52752		0		7.0005005005005
0.74888		0.6627		0		-1.51411		0.20203		0		0.01634		-1.52744		0		7.007607607607607
0.74415		0.66801		0		-1.5155		0.19127		0		0.0272		-1.52728		0		7.014714714714715
0.73939		0.67328		0		-1.51682		0.18049		0		0.03805		-1.52705		0		7.021821821821821
0.73458		0.67852		0		-1.51807		0.16971		0		0.0489		-1.52674		0		7.028928928928929
0.72974		0.68372		0		-1.51924		0.15891		0		0.05975		-1.52636		0		7.036036036036036
0.72487		0.68889		0		-1.52033		0.14811		0		0.0706		-1.52589		0		7.043143143143142
0.71995		0.69403		0		-1.52134		0.1373		0		0.08144		-1.52535		0		7.05025025025025
0.715		0.69912		0		-1.52228		0.12649		0		0.09228		-1.52474		0		7.057357357357357
0.71001		0.70419		0		-1.52314		0.11566		0		0.10311		-1.52404		0		7.064464464464464
0.70499		0.70922		0		-1.52392		0.10484		0		0.11394		-1.52327		0		7.071571571571571
0.69993		0.71421		0		-1.52463		0.094		0		0.12477		-1.52242		0		7.078678678678679
0.69484		0.71917		0		-1.52526		0.08317		0		0.13558		-1.5215		0		7.085785785785785
0.68971		0.72409		0		-1.52581		0.07232		0		0.14639		-1.52049		0		7.092892892892892
0.68455		0.72897		0		-1.52629		0.06148		0		0.15719		-1.51942		0		7.1
